1	1	23	1	6	0	0	6	4	7	3	0	1	4	7	11	0	11
1	1	26	6	1	0	0	7	3	6	4	1	0	7	4	0	11	11
1	1	30	4	7	0	0	6	4	7	3	0	0	4	3	4	3	7
1	1	35	7	4	0	0	7	3	6	4	0	0	3	4	3	4	7
1	1	38	5	2	0	0	7	3	6	4	1	1	7	6	6	7	13
1	1	41	3	8	0	0	6	4	7	3	1	0	6	3	0	9	9
1	1	41	2	5	0	0	6	4	7	3	1	1	6	7	7	6	13
1	1	43	8	3	0	0	7	3	6	4	0	1	3	6	9	0	9
1	2	59	8	3	0	0	6	4	7	3	1	0	6	3	0	9	9
1	2	61	1	6	0	0	7	3	6	4	1	1	7	6	6	7	13
1	2	62	3	8	0	0	7	3	6	4	0	1	3	6	9	0	9
1	2	63	5	2	0	0	6	4	7	3	0	0	4	3	4	3	7
1	2	65	2	5	0	0	7	3	6	4	0	0	3	4	3	4	7
1	2	68	6	1	0	0	6	4	7	3	1	1	6	7	7	6	13
1	2	69	4	7	0	0	7	3	6	4	1	0	7	4	0	11	11
1	2	71	7	4	0	0	6	4	7	3	0	1	4	7	11	0	11
1	3	85	4	7	0	0	6	4	7	3	1	0	6	3	0	9	9
1	3	88	5	2	0	0	7	3	6	4	1	0	7	4	0	11	11
1	3	88	2	5	0	0	6	4	7	3	0	1	4	7	11	0	11
1	3	88	8	3	0	0	7	3	6	4	0	1	3	6	9	0	9
1	3	89	3	8	0	0	6	4	7	3	1	0	6	3	0	9	9
1	3	92	7	4	0	0	7	3	6	4	0	1	3	6	9	0	9
1	3	93	6	1	0	0	7	3	6	4	1	1	7	6	6	7	13
1	3	94	1	6	0	0	6	4	7	3	1	1	6	7	7	6	13
1	4	108	8	3	0	0	6	4	7	3	0	0	4	3	4	3	7
1	4	109	5	2	0	0	6	4	7	3	0	0	4	3	4	3	7
1	4	109	3	8	0	0	7	3	6	4	0	0	3	4	3	4	7
1	4	110	2	5	0	0	7	3	6	4	0	0	3	4	3	4	7
1	4	110	6	1	0	0	6	4	7	3	1	1	6	7	7	6	13
1	4	110	7	4	0	0	6	4	7	3	0	1	4	7	11	0	11
1	4	110	4	7	0	0	7	3	6	4	1	0	7	4	0	11	11
1	4	112	1	6	0	0	7	3	6	4	1	1	7	6	6	7	13
1	5	121	6	1	0	0	7	3	6	4	1	1	7	6	6	7	13
1	5	123	1	6	0	0	6	4	7	3	1	1	6	7	7	6	13
1	5	123	5	2	0	0	7	3	6	4	0	1	3	6	9	0	9
1	5	125	2	5	0	0	6	4	7	3	1	0	6	3	0	9	9
1	5	126	8	3	0	0	7	3	6	4	1	0	7	4	0	11	11
1	5	130	7	4	0	0	7	3	6	4	0	0	3	4	3	4	7
1	5	131	3	8	0	0	6	4	7	3	0	1	4	7	11	0	11
1	5	131	4	7	0	0	6	4	7	3	0	0	4	3	4	3	7
1	6	137	8	2	0	0	6	4	7	3	0	1	4	7	11	0	11
1	6	139	2	8	0	0	7	3	6	4	1	0	7	4	0	11	11
1	6	141	6	4	0	0	6	4	7	3	1	0	6	3	0	9	9
1	6	142	4	6	0	0	7	3	6	4	0	1	3	6	9	0	9
1	6	146	3	7	0	0	7	3	6	4	0	1	3	6	9	0	9
1	6	147	7	3	0	0	6	4	7	3	1	0	6	3	0	9	9
1	6	149	5	1	0	0	6	4	7	3	0	1	4	7	11	0	11
1	6	149	1	5	0	0	7	3	6	4	1	0	7	4	0	11	11
1	7	161	2	8	0	0	6	4	7	3	0	0	4	3	4	3	7
1	7	161	4	6	0	0	6	4	7	3	0	1	4	7	11	0	11
1	7	162	8	2	0	0	7	3	6	4	0	0	3	4	3	4	7
1	7	162	6	4	0	0	7	3	6	4	1	0	7	4	0	11	11
1	7	164	3	7	0	0	6	4	7	3	0	1	4	7	11	0	11
1	7	165	5	1	0	0	7	3	6	4	1	0	7	4	0	11	11
1	7	166	1	5	0	0	6	4	7	3	0	1	4	7	11	0	11
1	7	174	7	3	0	0	7	3	6	4	1	0	7	4	0	11	11
1	8	182	7	4	0	0	6	4	7	3	1	0	6	3	0	9	9
1	8	183	4	7	0	0	7	3	6	4	0	1	3	6	9	0	9
1	8	186	8	3	0	0	6	4	7	3	1	1	6	7	7	6	13
1	8	186	6	1	0	0	6	4	7	3	0	1	4	7	11	0	11
1	8	188	3	8	0	0	7	3	6	4	1	1	7	6	6	7	13
1	8	189	2	5	0	0	7	3	6	4	0	0	3	4	3	4	7
1	8	190	1	6	0	0	7	3	6	4	1	0	7	4	0	11	11
1	8	192	5	2	0	0	6	4	7	3	0	0	4	3	4	3	7
1	9	198	6	2	0	0	7	3	6	4	1	0	7	4	0	11	11
1	9	202	2	6	0	0	6	4	7	3	0	1	4	7	11	0	11
1	9	203	7	1	0	0	7	3	6	4	0	0	3	4	3	4	7
1	9	205	1	7	0	0	6	4	7	3	0	0	4	3	4	3	7
1	9	212	3	5	0	0	6	4	7	3	0	1	4	7	11	0	11
1	9	212	8	4	0	0	7	3	6	4	1	0	7	4	0	11	11
1	9	212	4	8	0	0	6	4	7	3	0	1	4	7	11	0	11
1	9	218	5	3	0	0	7	3	6	4	1	0	7	4	0	11	11
1	10	227	8	2	0	0	6	4	7	3	0	0	4	3	4	3	7
1	10	227	3	7	0	0	7	3	6	4	1	0	7	4	0	11	11
1	10	228	2	8	0	0	7	3	6	4	0	0	3	4	3	4	7
1	10	228	4	6	0	0	7	3	6	4	0	0	3	4	3	4	7
1	10	229	7	3	0	0	6	4	7	3	0	1	4	7	11	0	11
1	10	231	6	4	0	0	6	4	7	3	0	0	4	3	4	3	7
1	10	233	1	5	0	0	7	3	6	4	1	0	7	4	0	11	11
1	10	236	5	1	0	0	6	4	7	3	0	1	4	7	11	0	11
1	11	241	6	2	0	0	7	3	6	4	1	0	7	4	0	11	11
1	11	246	2	6	0	0	6	4	7	3	0	1	4	7	11	0	11
1	11	246	7	1	0	0	7	3	6	4	1	0	7	4	0	11	11
1	11	246	4	8	0	0	6	4	7	3	0	0	4	3	4	3	7
1	11	247	8	4	0	0	7	3	6	4	0	0	3	4	3	4	7
1	11	247	1	7	0	0	6	4	7	3	0	1	4	7	11	0	11
1	11	249	3	5	0	0	6	4	7	3	0	0	4	3	4	3	7
1	11	256	5	3	0	0	7	3	6	4	0	0	3	4	3	4	7
1	12	265	6	4	0	0	6	4	7	3	0	0	4	3	4	3	7
1	12	265	3	7	0	0	7	3	6	4	0	0	3	4	3	4	7
1	12	265	2	8	0	0	7	3	6	4	0	1	3	6	9	0	9
1	12	265	7	3	0	0	6	4	7	3	0	0	4	3	4	3	7
1	12	267	8	2	0	0	6	4	7	3	1	0	6	3	0	9	9
1	12	270	1	5	0	0	7	3	6	4	1	1	7	6	6	7	13
1	12	272	5	1	0	0	6	4	7	3	1	1	6	7	7	6	13
1	12	274	4	6	0	0	7	3	6	4	0	0	3	4	3	4	7
1	13	280	6	2	0	0	7	3	6	4	1	0	7	4	0	11	11
1	13	282	2	6	0	0	6	4	7	3	0	1	4	7	11	0	11
1	13	282	8	4	0	0	7	3	6	4	0	0	3	4	3	4	7
1	13	285	3	5	0	0	6	4	7	3	0	1	4	7	11	0	11
1	13	285	5	3	0	0	7	3	6	4	1	0	7	4	0	11	11
1	13	286	4	8	0	0	6	4	7	3	0	0	4	3	4	3	7
1	13	300	1	7	0	0	6	4	7	3	1	1	6	7	7	6	13
1	13	300	7	1	0	0	7	3	6	4	1	1	7	6	6	7	13
1	14	306	5	2	0	0	6	4	7	3	0	0	4	3	4	3	7
1	14	308	2	5	0	0	7	3	6	4	0	0	3	4	3	4	7
1	14	308	7	4	0	0	6	4	7	3	1	1	6	7	7	6	13
1	14	309	4	7	0	0	7	3	6	4	1	1	7	6	6	7	13
1	14	312	8	3	0	0	6	4	7	3	0	0	4	3	4	3	7
1	14	312	3	8	0	0	7	3	6	4	0	0	3	4	3	4	7
1	14	315	6	1	0	0	6	4	7	3	0	1	4	7	11	0	11
1	14	321	1	6	0	0	7	3	6	4	1	0	7	4	0	11	11
1	15	328	8	3	0	0	7	3	6	4	1	0	7	4	0	11	11
1	15	329	3	8	0	0	6	4	7	3	0	1	4	7	11	0	11
1	15	329	4	7	0	0	6	4	7	3	1	1	6	7	7	6	13
1	15	330	6	1	0	0	7	3	6	4	1	0	7	4	0	11	11
1	15	331	7	4	0	0	7	3	6	4	1	1	7	6	6	7	13
1	15	332	1	6	0	0	6	4	7	3	0	1	4	7	11	0	11
1	15	341	2	5	0	0	6	4	7	3	0	1	4	7	11	0	11
1	15	349	5	2	0	0	7	3	6	4	1	0	7	4	0	11	11
1	16	667	2	5	1	2	7	3	6	4	0	0	3	4	3	4	7
1	16	669	6	1	0	1	6	4	7	3	0	0	4	3	4	3	7
1	16	670	1	6	1	0	7	3	6	4	0	0	3	4	3	4	7
1	16	670	5	2	2	1	6	4	7	3	0	0	4	3	4	3	7
1	16	679	4	7	5	1	7	3	6	4	0	1	3	6	4	5	9
1	16	682	7	4	1	5	6	4	7	3	1	0	6	3	5	4	9
1	16	702	8	3	0	4	6	4	7	3	0	0	4	3	4	3	7
1	16	704	3	8	4	0	7	3	6	4	0	0	3	4	3	4	7
1	17	735	6	4	3	4	7	3	6	4	1	0	7	4	4	7	11
1	17	737	4	6	4	3	6	4	7	3	0	1	4	7	7	4	11
1	17	747	2	8	2	2	6	4	7	3	0	1	4	7	9	2	11
1	17	749	8	2	2	2	7	3	6	4	1	0	7	4	2	9	11
1	17	769	5	1	1	2	7	3	6	4	0	0	3	4	3	4	7
1	17	772	7	3	3	4	7	3	6	4	1	0	7	4	4	7	11
1	17	775	1	5	2	1	6	4	7	3	0	0	4	3	4	3	7
1	17	783	3	7	4	3	6	4	7	3	0	1	4	7	7	4	11
1	18	813	8	4	3	4	6	4	7	3	1	0	6	3	4	5	9
1	18	815	4	8	4	3	7	3	6	4	0	1	3	6	5	4	9
1	18	824	1	7	1	4	7	3	6	4	1	0	7	4	4	7	11
1	18	825	7	1	4	1	6	4	7	3	0	1	4	7	7	4	11
1	18	827	6	2	3	2	6	4	7	3	1	0	6	3	2	7	9
1	18	832	2	6	2	3	7	3	6	4	0	1	3	6	7	2	9
1	18	853	3	5	4	2	7	3	6	4	0	1	3	6	5	4	9
1	18	855	5	3	2	4	6	4	7	3	1	0	6	3	4	5	9
1	19	879	6	4	2	3	7	3	6	4	1	0	7	4	3	8	11
1	19	884	4	6	3	2	6	4	7	3	0	1	4	7	8	3	11
1	19	895	2	8	5	4	6	4	7	3	0	1	4	7	6	5	11
1	19	895	8	2	4	5	7	3	6	4	1	0	7	4	5	6	11
1	19	899	3	7	4	3	6	4	7	3	0	1	4	7	7	4	11
1	19	902	7	3	3	4	7	3	6	4	1	0	7	4	4	7	11
1	19	910	5	1	3	4	7	3	6	4	1	1	7	6	7	6	13
1	19	912	1	5	4	3	6	4	7	3	1	1	6	7	6	7	13
1	20	936	7	4	4	4	6	4	7	3	1	0	6	3	4	5	9
1	20	948	1	6	2	1	7	3	6	4	0	0	3	4	3	4	7
1	20	948	6	1	1	2	6	4	7	3	0	0	4	3	4	3	7
1	20	950	2	5	2	4	7	3	6	4	0	0	3	4	3	4	7
1	20	950	4	7	4	4	7	3	6	4	0	1	3	6	5	4	9
1	20	950	8	3	3	4	6	4	7	3	0	1	4	7	8	3	11
1	20	954	3	8	4	3	7	3	6	4	1	0	7	4	3	8	11
1	20	956	5	2	4	2	6	4	7	3	0	0	4	3	4	3	7
1	21	980	4	5	3	3	6	4	7	3	0	1	4	7	8	3	11
1	21	981	2	7	4	3	6	4	7	3	0	0	4	3	4	3	7
1	21	982	7	2	3	4	7	3	6	4	0	0	3	4	3	4	7
1	21	986	8	1	3	3	7	3	6	4	1	1	7	6	6	7	13
1	21	987	1	8	3	3	6	4	7	3	1	1	6	7	7	6	13
1	21	990	5	4	3	3	7	3	6	4	1	0	7	4	3	8	11
1	21	993	3	6	4	5	6	4	7	3	1	1	6	7	8	5	13
1	21	996	6	3	5	4	7	3	6	4	1	1	7	6	5	8	13
1	22	1019	7	1	4	2	6	4	7	3	0	1	4	7	7	4	11
1	22	1019	6	2	5	2	6	4	7	3	1	0	6	3	2	7	9
1	22	1023	2	6	2	5	7	3	6	4	0	1	3	6	7	2	9
1	22	1026	1	7	2	4	7	3	6	4	1	0	7	4	4	7	11
1	22	1030	3	5	4	4	7	3	6	4	1	1	7	6	6	7	13
1	22	1032	5	3	4	4	6	4	7	3	1	1	6	7	7	6	13
1	22	1067	4	8	4	7	7	3	6	4	1	0	7	4	7	4	11
1	22	1072	8	4	7	4	6	4	7	3	0	1	4	7	4	7	11
1	23	1102	8	2	3	5	7	3	6	4	0	1	3	6	6	3	9
1	23	1104	2	8	5	3	6	4	7	3	1	0	6	3	3	6	9
1	23	1108	3	7	4	4	6	4	7	3	1	1	6	7	7	6	13
1	23	1110	1	5	4	3	6	4	7	3	0	1	4	7	7	4	11
1	23	1110	7	3	4	4	7	3	6	4	1	1	7	6	6	7	13
1	23	1111	5	1	3	4	7	3	6	4	1	0	7	4	4	7	11
1	23	1114	4	6	3	5	6	4	7	3	0	0	4	3	4	3	7
1	23	1115	6	4	5	3	7	3	6	4	0	0	3	4	3	4	7
1	24	1139	6	1	0	3	6	4	7	3	0	0	4	3	4	3	7
1	24	1141	1	6	3	0	7	3	6	4	0	0	3	4	3	4	7
1	24	1147	7	4	4	4	6	4	7	3	1	0	6	3	4	5	9
1	24	1150	2	5	3	0	7	3	6	4	0	0	3	4	3	4	7
1	24	1150	5	2	0	3	6	4	7	3	0	0	4	3	4	3	7
1	24	1154	8	3	0	3	6	4	7	3	0	0	4	3	4	3	7
1	24	1154	4	7	4	4	7	3	6	4	0	1	3	6	5	4	9
1	24	1155	3	8	3	0	7	3	6	4	0	0	3	4	3	4	7
1	25	1181	7	4	4	3	7	3	6	4	1	0	7	4	3	8	11
1	25	1183	4	7	3	4	6	4	7	3	0	1	4	7	8	3	11
1	25	1184	8	3	0	4	7	3	6	4	1	0	7	4	4	7	11
1	25	1187	3	8	4	0	6	4	7	3	0	1	4	7	7	4	11
1	25	1189	5	2	2	3	7	3	6	4	1	0	7	4	3	8	11
1	25	1190	2	5	3	2	6	4	7	3	0	1	4	7	8	3	11
1	25	1200	1	6	3	5	6	4	7	3	1	1	6	7	9	4	13
1	25	1201	6	1	5	3	7	3	6	4	1	1	7	6	4	9	13
1	26	1228	3	7	3	4	7	3	6	4	1	0	7	4	4	7	11
1	26	1229	7	3	4	3	6	4	7	3	0	1	4	7	7	4	11
1	26	1231	6	4	0	4	6	4	7	3	0	0	4	3	4	3	7
1	26	1235	5	1	3	4	6	4	7	3	1	0	6	3	4	5	9
1	26	1235	4	6	4	0	7	3	6	4	0	0	3	4	3	4	7
1	26	1237	1	5	4	3	7	3	6	4	0	1	3	6	5	4	9
1	26	1240	2	8	5	1	7	3	6	4	0	0	3	4	3	4	7
1	26	1243	8	2	1	5	6	4	7	3	0	0	4	3	4	3	7
1	27	1264	2	8	3	1	6	4	7	3	0	1	4	7	8	3	11
1	27	1266	8	2	1	3	7	3	6	4	1	0	7	4	3	8	11
1	27	1269	6	4	4	3	7	3	6	4	1	0	7	4	3	8	11
1	27	1270	4	6	3	4	6	4	7	3	0	1	4	7	8	3	11
1	27	1271	3	7	4	5	6	4	7	3	1	1	6	7	8	5	13
1	27	1272	7	3	5	4	7	3	6	4	1	1	7	6	5	8	13
1	27	1277	1	5	3	3	6	4	7	3	0	0	4	3	4	3	7
1	27	1278	5	1	3	3	7	3	6	4	0	0	3	4	3	4	7
1	28	1302	2	8	3	3	7	3	6	4	1	0	7	4	3	8	11
1	28	1302	4	6	4	4	7	3	6	4	0	1	3	6	5	4	9
1	28	1304	6	4	4	4	6	4	7	3	1	0	6	3	4	5	9
1	28	1308	8	2	3	3	6	4	7	3	0	1	4	7	8	3	11
1	28	1313	5	1	3	4	6	4	7	3	1	0	6	3	4	5	9
1	28	1314	3	7	4	4	7	3	6	4	1	1	7	6	6	7	13
1	28	1316	7	3	4	4	6	4	7	3	1	1	6	7	7	6	13
1	28	1317	1	5	4	3	7	3	6	4	0	1	3	6	5	4	9
1	29	1332	4	7	3	4	6	4	7	3	0	1	4	7	8	3	11
1	29	1333	7	4	4	3	7	3	6	4	1	0	7	4	3	8	11
1	29	1339	3	8	4	5	6	4	7	3	1	0	6	3	5	4	9
1	29	1345	2	5	2	3	6	4	7	3	0	1	4	7	9	2	11
1	29	1347	5	2	3	2	7	3	6	4	1	0	7	4	2	9	11
1	29	1352	8	3	5	4	7	3	6	4	0	1	3	6	4	5	9
1	29	1356	6	1	4	4	7	3	6	4	1	1	7	6	6	7	13
1	29	1358	1	6	4	4	6	4	7	3	1	1	6	7	7	6	13
1	30	1378	4	7	4	4	7	3	6	4	0	1	3	6	5	4	9
1	30	1379	7	4	4	4	6	4	7	3	1	0	6	3	4	5	9
1	30	1386	8	3	0	4	6	4	7	3	0	0	4	3	4	3	7
1	30	1390	3	8	4	0	7	3	6	4	0	0	3	4	3	4	7
1	30	1397	6	1	4	3	6	4	7	3	0	1	4	7	7	4	11
1	30	1397	5	2	4	1	6	4	7	3	0	1	4	7	7	4	11
1	30	1399	1	6	3	4	7	3	6	4	1	0	7	4	4	7	11
1	30	1401	2	5	1	4	7	3	6	4	1	0	7	4	4	7	11
1	31	1418	7	4	4	4	7	3	6	4	1	1	7	6	6	7	13
1	31	1422	4	7	4	4	6	4	7	3	1	1	6	7	7	6	13
1	31	1430	6	1	0	4	7	3	6	4	1	0	7	4	4	7	11
1	31	1430	3	8	4	0	6	4	7	3	0	0	4	3	4	3	7
1	31	1432	8	3	0	4	7	3	6	4	0	0	3	4	3	4	7
1	31	1435	1	6	4	0	6	4	7	3	0	1	4	7	7	4	11
1	31	1438	5	2	4	2	7	3	6	4	0	1	3	6	5	4	9
1	31	1439	2	5	2	4	6	4	7	3	1	0	6	3	4	5	9
1	32	1462	2	8	4	1	7	3	6	4	0	1	3	6	5	4	9
1	32	1466	6	4	6	4	6	4	7	3	1	1	6	7	5	8	13
1	32	1466	8	2	1	4	6	4	7	3	1	0	6	3	4	5	9
1	32	1468	4	6	4	6	7	3	6	4	1	1	7	6	8	5	13
1	32	1472	5	1	5	3	6	4	7	3	0	1	4	7	6	5	11
1	32	1473	7	3	4	4	6	4	7	3	1	1	6	7	7	6	13
1	32	1476	3	7	4	4	7	3	6	4	1	1	7	6	6	7	13
1	32	1479	1	5	3	5	7	3	6	4	1	0	7	4	5	6	11
1	33	1496	4	7	4	4	6	4	7	3	1	1	6	7	7	6	13
1	33	1496	7	4	4	4	7	3	6	4	1	1	7	6	6	7	13
1	33	1504	3	8	4	4	6	4	7	3	1	0	6	3	4	5	9
1	33	1505	8	3	4	4	7	3	6	4	0	1	3	6	5	4	9
1	33	1506	6	1	5	4	7	3	6	4	1	1	7	6	5	8	13
1	33	1509	5	2	4	4	7	3	6	4	1	1	7	6	6	7	13
1	33	1509	1	6	4	5	6	4	7	3	1	1	6	7	8	5	13
1	33	1511	2	5	4	4	6	4	7	3	1	1	6	7	7	6	13
1	34	1531	3	6	4	4	7	3	6	4	1	1	7	6	6	7	13
1	34	1532	6	3	4	4	6	4	7	3	1	1	6	7	7	6	13
1	34	1538	7	2	4	1	6	4	7	3	0	1	4	7	7	4	11
1	34	1539	2	7	1	4	7	3	6	4	1	0	7	4	4	7	11
1	34	1540	8	1	2	3	6	4	7	3	1	0	6	3	3	6	9
1	34	1541	4	5	3	4	7	3	6	4	0	0	3	4	3	4	7
1	34	1543	5	4	4	3	6	4	7	3	0	0	4	3	4	3	7
1	34	1545	1	8	3	2	7	3	6	4	0	1	3	6	6	3	9
1	35	1565	6	4	5	3	7	3	6	4	1	1	7	6	4	9	13
1	35	1570	3	7	5	4	6	4	7	3	1	1	6	7	6	7	13
1	35	1571	7	3	4	5	7	3	6	4	1	1	7	6	7	6	13
1	35	1575	2	8	2	2	6	4	7	3	1	0	6	3	2	7	9
1	35	1577	8	2	2	2	7	3	6	4	0	1	3	6	7	2	9
1	35	1580	4	6	3	5	6	4	7	3	1	1	6	7	9	4	13
1	35	1594	1	5	4	2	6	4	7	3	0	1	4	7	7	4	11
1	35	1598	5	1	2	4	7	3	6	4	1	0	7	4	4	7	11
1	36	1617	8	2	2	3	6	4	7	3	0	0	4	3	4	3	7
1	36	1619	3	7	4	4	7	3	6	4	1	1	7	6	6	7	13
1	36	1620	2	8	3	2	7	3	6	4	0	0	3	4	3	4	7
1	36	1620	7	3	4	4	6	4	7	3	1	1	6	7	7	6	13
1	36	1634	5	1	3	3	6	4	7	3	1	0	6	3	3	6	9
1	36	1634	6	4	4	3	6	4	7	3	1	1	6	7	6	7	13
1	36	1635	1	5	3	3	7	3	6	4	0	1	3	6	6	3	9
1	36	1635	4	6	3	4	7	3	6	4	1	1	7	6	7	6	13
1	37	1653	7	2	4	7	7	3	6	4	1	0	7	4	7	4	11
1	37	1658	2	7	7	4	6	4	7	3	0	1	4	7	4	7	11
1	37	1658	8	1	3	4	7	3	6	4	1	0	7	4	4	7	11
1	37	1660	1	8	4	3	6	4	7	3	0	1	4	7	7	4	11
1	37	1661	6	3	4	5	7	3	6	4	1	1	7	6	7	6	13
1	37	1662	5	4	3	3	7	3	6	4	0	0	3	4	3	4	7
1	37	1662	3	6	5	4	6	4	7	3	1	1	6	7	6	7	13
1	37	1664	4	5	3	3	6	4	7	3	0	0	4	3	4	3	7
1	38	1683	4	6	3	4	7	3	6	4	1	1	7	6	7	6	13
1	38	1683	8	2	3	4	6	4	7	3	1	0	6	3	4	5	9
1	38	1684	6	4	4	3	6	4	7	3	1	1	6	7	6	7	13
1	38	1684	2	8	4	3	7	3	6	4	0	1	3	6	5	4	9
1	38	1692	3	7	4	4	7	3	6	4	1	1	7	6	6	7	13
1	38	1693	7	3	4	4	6	4	7	3	1	1	6	7	7	6	13
1	38	1706	5	1	5	3	6	4	7	3	0	1	4	7	6	5	11
1	38	1718	1	5	3	5	7	3	6	4	1	0	7	4	5	6	11
1	39	1739	4	7	3	4	6	4	7	3	0	1	4	7	8	3	11
1	39	1740	7	4	4	3	7	3	6	4	1	0	7	4	3	8	11
1	39	1743	3	8	4	3	6	4	7	3	0	0	4	3	4	3	7
1	39	1743	8	3	3	4	7	3	6	4	0	0	3	4	3	4	7
1	39	1751	6	1	4	4	7	3	6	4	1	0	7	4	4	7	11
1	39	1754	2	5	3	3	6	4	7	3	0	1	4	7	8	3	11
1	39	1757	5	2	3	3	7	3	6	4	1	0	7	4	3	8	11
1	39	1760	1	6	4	4	6	4	7	3	0	1	4	7	7	4	11
1	40	1779	8	3	0	4	6	4	7	3	0	0	4	3	4	3	7
1	40	1779	3	8	4	0	7	3	6	4	0	0	3	4	3	4	7
1	40	1780	7	4	4	3	6	4	7	3	0	1	4	7	7	4	11
1	40	1783	4	7	3	4	7	3	6	4	1	0	7	4	4	7	11
1	40	1792	6	1	4	3	6	4	7	3	0	1	4	7	7	4	11
1	40	1794	1	6	3	4	7	3	6	4	1	0	7	4	4	7	11
1	40	1812	2	5	2	3	7	3	6	4	1	0	7	4	3	8	11
1	40	1818	5	2	3	2	6	4	7	3	0	1	4	7	8	3	11
2	1	11	8	1	0	0	7	3	6	4	0	0	3	4	3	4	7
2	1	11	1	8	0	0	6	4	7	3	0	0	4	3	4	3	7
2	1	13	3	6	0	0	6	4	7	3	1	0	6	3	0	9	9
2	1	13	6	3	0	0	7	3	6	4	0	1	3	6	9	0	9
2	1	16	7	2	0	0	7	3	6	4	0	0	3	4	3	4	7
2	1	17	2	7	0	0	6	4	7	3	0	0	4	3	4	3	7
2	1	29	4	5	0	0	6	4	7	3	1	0	6	3	0	9	9
2	1	29	5	4	0	0	7	3	6	4	0	1	3	6	9	0	9
2	2	37	2	5	0	0	7	3	6	4	0	0	3	4	3	4	7
2	2	37	5	2	0	0	6	4	7	3	0	0	4	3	4	3	7
2	2	43	7	4	0	0	6	4	7	3	0	0	4	3	4	3	7
2	2	43	4	7	0	0	7	3	6	4	0	0	3	4	3	4	7
2	2	43	3	8	0	0	7	3	6	4	1	0	7	4	0	11	11
2	2	43	8	3	0	0	6	4	7	3	0	1	4	7	11	0	11
2	2	46	6	1	0	0	6	4	7	3	0	0	4	3	4	3	7
2	2	46	1	6	0	0	7	3	6	4	0	0	3	4	3	4	7
2	3	54	3	6	0	0	6	4	7	3	0	0	4	3	4	3	7
2	3	55	6	3	0	0	7	3	6	4	0	0	3	4	3	4	7
2	3	57	2	7	0	0	6	4	7	3	0	0	4	3	4	3	7
2	3	57	7	2	0	0	7	3	6	4	0	0	3	4	3	4	7
2	3	59	8	1	0	0	7	3	6	4	0	0	3	4	3	4	7
2	3	59	5	4	0	0	7	3	6	4	0	0	3	4	3	4	7
2	3	59	1	8	0	0	6	4	7	3	0	0	4	3	4	3	7
2	3	59	4	5	0	0	6	4	7	3	0	0	4	3	4	3	7
2	4	67	8	3	0	0	6	4	7	3	0	0	4	3	4	3	7
2	4	67	3	8	0	0	7	3	6	4	0	0	3	4	3	4	7
2	4	67	5	2	0	0	6	4	7	3	0	0	4	3	4	3	7
2	4	67	2	5	0	0	7	3	6	4	0	0	3	4	3	4	7
2	4	70	6	1	0	0	6	4	7	3	0	0	4	3	4	3	7
2	4	70	1	6	0	0	7	3	6	4	0	0	3	4	3	4	7
2	4	73	4	7	0	0	7	3	6	4	1	0	7	4	0	11	11
2	4	73	7	4	0	0	6	4	7	3	0	1	4	7	11	0	11
2	5	80	5	2	0	0	7	3	6	4	0	0	3	4	3	4	7
2	5	80	2	5	0	0	6	4	7	3	0	0	4	3	4	3	7
2	5	81	8	3	0	0	7	3	6	4	0	0	3	4	3	4	7
2	5	81	3	8	0	0	6	4	7	3	0	0	4	3	4	3	7
2	5	82	4	7	0	0	6	4	7	3	0	0	4	3	4	3	7
2	5	82	7	4	0	0	7	3	6	4	0	0	3	4	3	4	7
2	5	83	6	1	0	0	7	3	6	4	0	0	3	4	3	4	7
2	5	83	1	6	0	0	6	4	7	3	0	0	4	3	4	3	7
2	6	89	6	1	0	0	6	4	7	3	0	0	4	3	4	3	7
2	6	89	1	6	0	0	7	3	6	4	0	0	3	4	3	4	7
2	6	91	5	2	0	0	6	4	7	3	0	0	4	3	4	3	7
2	6	91	2	5	0	0	7	3	6	4	0	0	3	4	3	4	7
2	6	91	8	3	0	0	6	4	7	3	0	0	4	3	4	3	7
2	6	91	3	8	0	0	7	3	6	4	0	0	3	4	3	4	7
2	6	93	7	4	0	0	6	4	7	3	0	0	4	3	4	3	7
2	6	93	4	7	0	0	7	3	6	4	0	0	3	4	3	4	7
2	7	99	2	8	0	0	6	4	7	3	0	0	4	3	4	3	7
2	7	99	8	2	0	0	7	3	6	4	0	0	3	4	3	4	7
2	7	99	6	4	0	0	7	3	6	4	0	1	3	6	9	0	9
2	7	99	4	6	0	0	6	4	7	3	1	0	6	3	0	9	9
2	7	102	5	1	0	0	7	3	6	4	0	1	3	6	9	0	9
2	7	102	1	5	0	0	6	4	7	3	1	0	6	3	0	9	9
2	7	103	3	7	0	0	6	4	7	3	0	0	4	3	4	3	7
2	7	103	7	3	0	0	7	3	6	4	0	0	3	4	3	4	7
2	8	109	8	3	0	0	6	4	7	3	0	0	4	3	4	3	7
2	8	109	3	8	0	0	7	3	6	4	0	0	3	4	3	4	7
2	8	109	5	2	0	0	6	4	7	3	0	0	4	3	4	3	7
2	8	109	2	5	0	0	7	3	6	4	0	0	3	4	3	4	7
2	8	111	4	7	0	0	7	3	6	4	1	0	7	4	0	11	11
2	8	111	7	4	0	0	6	4	7	3	0	1	4	7	11	0	11
2	8	112	6	1	0	0	6	4	7	3	0	0	4	3	4	3	7
2	8	112	1	6	0	0	7	3	6	4	0	0	3	4	3	4	7
2	9	118	4	8	0	0	6	4	7	3	0	0	4	3	4	3	7
2	9	118	2	6	0	0	6	4	7	3	0	0	4	3	4	3	7
2	9	118	8	4	0	0	7	3	6	4	0	0	3	4	3	4	7
2	9	118	6	2	0	0	7	3	6	4	0	0	3	4	3	4	7
2	9	119	5	3	0	0	7	3	6	4	0	0	3	4	3	4	7
2	9	119	3	5	0	0	6	4	7	3	0	0	4	3	4	3	7
2	9	125	1	7	0	0	6	4	7	3	0	0	4	3	4	3	7
2	9	125	7	1	0	0	7	3	6	4	0	0	3	4	3	4	7
2	10	131	5	2	0	0	6	4	7	3	0	0	4	3	4	3	7
2	10	131	2	5	0	0	7	3	6	4	0	0	3	4	3	4	7
2	10	132	6	1	0	0	6	4	7	3	0	0	4	3	4	3	7
2	10	132	1	6	0	0	7	3	6	4	0	0	3	4	3	4	7
2	10	133	8	3	0	0	6	4	7	3	0	1	4	7	11	0	11
2	10	133	3	8	0	0	7	3	6	4	1	0	7	4	0	11	11
2	10	135	4	7	0	0	7	3	6	4	0	0	3	4	3	4	7
2	10	135	7	4	0	0	6	4	7	3	0	0	4	3	4	3	7
2	11	141	2	5	0	0	6	4	7	3	0	0	4	3	4	3	7
2	11	141	5	2	0	0	7	3	6	4	0	0	3	4	3	4	7
2	11	142	4	7	0	0	6	4	7	3	0	0	4	3	4	3	7
2	11	142	7	4	0	0	7	3	6	4	0	0	3	4	3	4	7
2	11	142	3	8	0	0	6	4	7	3	0	0	4	3	4	3	7
2	11	142	8	3	0	0	7	3	6	4	0	0	3	4	3	4	7
2	11	142	1	6	0	0	6	4	7	3	0	0	4	3	4	3	7
2	11	143	6	1	0	0	7	3	6	4	0	0	3	4	3	4	7
2	12	147	5	3	0	0	6	4	7	3	0	0	4	3	4	3	7
2	12	147	3	5	0	0	7	3	6	4	0	0	3	4	3	4	7
2	12	149	6	2	0	0	6	4	7	3	0	0	4	3	4	3	7
2	12	149	2	6	0	0	7	3	6	4	0	0	3	4	3	4	7
2	12	149	1	7	0	0	7	3	6	4	0	0	3	4	3	4	7
2	12	149	7	1	0	0	6	4	7	3	0	0	4	3	4	3	7
2	12	152	4	8	0	0	7	3	6	4	1	0	7	4	0	11	11
2	12	152	8	4	0	0	6	4	7	3	0	1	4	7	11	0	11
2	13	157	4	8	0	0	6	4	7	3	0	0	4	3	4	3	7
2	13	157	8	4	0	0	7	3	6	4	0	0	3	4	3	4	7
2	13	158	1	7	0	0	6	4	7	3	0	0	4	3	4	3	7
2	13	158	7	1	0	0	7	3	6	4	0	0	3	4	3	4	7
2	13	158	3	5	0	0	6	4	7	3	0	0	4	3	4	3	7
2	13	158	5	3	0	0	7	3	6	4	0	0	3	4	3	4	7
2	13	159	6	2	0	0	7	3	6	4	0	0	3	4	3	4	7
2	13	159	2	6	0	0	6	4	7	3	0	0	4	3	4	3	7
2	14	164	4	6	0	0	7	3	6	4	0	0	3	4	3	4	7
2	14	164	6	4	0	0	6	4	7	3	0	0	4	3	4	3	7
2	14	166	3	7	0	0	7	3	6	4	0	0	3	4	3	4	7
2	14	166	7	3	0	0	6	4	7	3	0	0	4	3	4	3	7
2	14	167	8	2	0	0	6	4	7	3	0	0	4	3	4	3	7
2	14	167	2	8	0	0	7	3	6	4	0	0	3	4	3	4	7
2	14	167	5	1	0	0	6	4	7	3	0	0	4	3	4	3	7
2	14	167	1	5	0	0	7	3	6	4	0	0	3	4	3	4	7
2	15	172	2	6	0	0	6	4	7	3	0	0	4	3	4	3	7
2	15	173	4	8	0	0	6	4	7	3	0	0	4	3	4	3	7
2	15	173	6	2	0	0	7	3	6	4	0	0	3	4	3	4	7
2	15	173	8	4	0	0	7	3	6	4	0	0	3	4	3	4	7
2	15	173	5	3	0	0	7	3	6	4	0	0	3	4	3	4	7
2	15	173	3	5	0	0	6	4	7	3	0	0	4	3	4	3	7
2	15	178	1	7	0	0	6	4	7	3	0	0	4	3	4	3	7
2	15	178	7	1	0	0	7	3	6	4	0	0	3	4	3	4	7
2	16	428	1	7	1	1	7	3	6	4	1	0	7	4	1	10	11
2	16	428	7	1	1	1	6	4	7	3	0	1	4	7	10	1	11
2	16	444	6	2	1	2	6	4	7	3	0	0	4	3	4	3	7
2	16	444	2	6	2	1	7	3	6	4	0	0	3	4	3	4	7
2	16	459	5	3	0	1	6	4	7	3	0	0	4	3	4	3	7
2	16	459	3	5	1	0	7	3	6	4	0	0	3	4	3	4	7
2	16	459	4	8	5	0	7	3	6	4	1	0	7	4	0	11	11
2	16	459	8	4	0	5	6	4	7	3	0	1	4	7	11	0	11
2	17	490	2	5	2	2	6	4	7	3	0	0	4	3	4	3	7
2	17	491	5	2	2	2	7	3	6	4	0	0	3	4	3	4	7
2	17	495	4	7	6	2	6	4	7	3	1	0	6	3	2	7	9
2	17	496	7	4	2	6	7	3	6	4	0	1	3	6	7	2	9
2	17	507	3	8	1	1	6	4	7	3	0	0	4	3	4	3	7
2	17	507	8	3	1	1	7	3	6	4	0	0	3	4	3	4	7
2	17	523	1	6	1	5	6	4	7	3	1	0	6	3	5	4	9
2	17	523	6	1	5	1	7	3	6	4	0	1	3	6	4	5	9
2	18	556	5	1	2	5	6	4	7	3	1	0	6	3	5	4	9
2	18	556	1	5	5	2	7	3	6	4	0	1	3	6	4	5	9
2	18	559	3	7	2	2	7	3	6	4	0	0	3	4	3	4	7
2	18	559	7	3	2	2	6	4	7	3	0	0	4	3	4	3	7
2	18	564	4	6	4	4	7	3	6	4	1	0	7	4	4	7	11
2	18	564	6	4	4	4	6	4	7	3	0	1	4	7	7	4	11
2	18	570	2	8	2	2	7	3	6	4	0	0	3	4	3	4	7
2	18	570	8	2	2	2	6	4	7	3	0	0	4	3	4	3	7
2	19	586	5	2	1	3	7	3	6	4	0	0	3	4	3	4	7
2	19	586	2	5	3	1	6	4	7	3	0	0	4	3	4	3	7
2	19	610	3	8	3	0	6	4	7	3	0	0	4	3	4	3	7
2	19	610	8	3	0	3	7	3	6	4	0	0	3	4	3	4	7
2	19	611	6	1	5	3	7	3	6	4	0	1	3	6	4	5	9
2	19	611	1	6	3	5	6	4	7	3	1	0	6	3	5	4	9
2	19	634	4	7	6	3	6	4	7	3	1	1	6	7	4	9	13
2	19	634	7	4	3	6	7	3	6	4	1	1	7	6	9	4	13
2	20	663	8	1	5	5	6	4	7	3	0	1	4	7	6	5	11
2	20	663	1	8	5	5	7	3	6	4	1	0	7	4	5	6	11
2	20	670	7	2	2	3	6	4	7	3	0	0	4	3	4	3	7
2	20	670	2	7	3	2	7	3	6	4	0	0	3	4	3	4	7
2	20	686	4	5	2	1	7	3	6	4	0	1	3	6	7	2	9
2	20	686	5	4	1	2	6	4	7	3	1	0	6	3	2	7	9
2	20	692	3	6	2	4	7	3	6	4	1	0	7	4	4	7	11
2	20	692	6	3	4	2	6	4	7	3	0	1	4	7	7	4	11
2	21	721	5	1	1	4	7	3	6	4	0	0	3	4	3	4	7
2	21	722	1	5	4	1	6	4	7	3	0	0	4	3	4	3	7
2	21	728	4	6	1	5	6	4	7	3	1	0	6	3	5	4	9
2	21	728	6	4	5	1	7	3	6	4	0	1	3	6	4	5	9
2	21	731	2	8	2	4	6	4	7	3	0	0	4	3	4	3	7
2	21	731	8	2	4	2	7	3	6	4	0	0	3	4	3	4	7
2	21	737	7	3	2	3	7	3	6	4	0	0	3	4	3	4	7
2	21	737	3	7	3	2	6	4	7	3	0	0	4	3	4	3	7
2	22	756	4	8	2	0	7	3	6	4	1	0	7	4	0	11	11
2	22	756	8	4	0	2	6	4	7	3	0	1	4	7	11	0	11
2	22	757	1	7	4	1	7	3	6	4	0	1	3	6	5	4	9
2	22	757	7	1	1	4	6	4	7	3	1	0	6	3	4	5	9
2	22	761	5	3	0	3	6	4	7	3	0	0	4	3	4	3	7
2	22	761	3	5	3	0	7	3	6	4	0	0	3	4	3	4	7
2	22	765	2	6	2	4	7	3	6	4	0	0	3	4	3	4	7
2	22	766	6	2	4	2	6	4	7	3	0	0	4	3	4	3	7
2	23	788	4	7	8	3	6	4	7	3	1	1	6	7	2	11	13
2	23	788	7	4	3	8	7	3	6	4	1	1	7	6	11	2	13
2	23	789	8	3	0	3	7	3	6	4	0	0	3	4	3	4	7
2	23	789	3	8	3	0	6	4	7	3	0	0	4	3	4	3	7
2	23	808	5	2	0	2	7	3	6	4	0	0	3	4	3	4	7
2	23	808	2	5	2	0	6	4	7	3	0	0	4	3	4	3	7
2	23	810	1	6	4	5	6	4	7	3	1	0	6	3	5	4	9
2	23	810	6	1	5	4	7	3	6	4	0	1	3	6	4	5	9
2	24	836	5	1	1	5	6	4	7	3	0	0	4	3	4	3	7
2	24	836	1	5	5	1	7	3	6	4	0	0	3	4	3	4	7
2	24	844	3	7	2	2	7	3	6	4	0	0	3	4	3	4	7
2	24	844	7	3	2	2	6	4	7	3	0	0	4	3	4	3	7
2	24	860	4	6	3	4	7	3	6	4	1	0	7	4	4	7	11
2	24	861	6	4	4	3	6	4	7	3	0	1	4	7	7	4	11
2	24	864	2	8	2	0	7	3	6	4	0	0	3	4	3	4	7
2	24	864	8	2	0	2	6	4	7	3	0	0	4	3	4	3	7
2	25	882	5	3	0	3	7	3	6	4	0	0	3	4	3	4	7
2	25	883	3	5	3	0	6	4	7	3	0	0	4	3	4	3	7
2	25	901	6	2	5	3	7	3	6	4	0	0	3	4	3	4	7
2	25	901	2	6	3	5	6	4	7	3	0	0	4	3	4	3	7
2	25	914	1	7	4	3	6	4	7	3	0	1	4	7	7	4	11
2	25	914	7	1	3	4	7	3	6	4	1	0	7	4	4	7	11
2	25	918	4	8	4	5	6	4	7	3	0	0	4	3	4	3	7
2	25	918	8	4	5	4	7	3	6	4	0	0	3	4	3	4	7
2	26	940	3	5	2	7	7	3	6	4	1	0	7	4	7	4	11
2	26	940	5	3	7	2	6	4	7	3	0	1	4	7	4	7	11
2	26	940	4	8	5	0	7	3	6	4	0	0	3	4	3	4	7
2	26	940	8	4	0	5	6	4	7	3	0	0	4	3	4	3	7
2	26	945	1	7	5	2	7	3	6	4	0	1	3	6	4	5	9
2	26	945	7	1	2	5	6	4	7	3	1	0	6	3	5	4	9
2	26	949	6	2	4	4	6	4	7	3	0	1	4	7	7	4	11
2	26	949	2	6	4	4	7	3	6	4	1	0	7	4	4	7	11
2	27	969	5	3	7	3	7	3	6	4	0	1	3	6	2	7	9
2	27	969	3	5	3	7	6	4	7	3	1	0	6	3	7	2	9
2	27	975	1	7	4	3	6	4	7	3	0	0	4	3	4	3	7
2	27	975	7	1	3	4	7	3	6	4	0	0	3	4	3	4	7
2	27	976	4	8	5	5	6	4	7	3	0	0	4	3	4	3	7
2	27	976	8	4	5	5	7	3	6	4	0	0	3	4	3	4	7
2	27	988	2	6	3	5	6	4	7	3	1	0	6	3	5	4	9
2	27	988	6	2	5	3	7	3	6	4	0	1	3	6	4	5	9
2	28	1003	3	7	2	2	7	3	6	4	0	0	3	4	3	4	7
2	28	1003	7	3	2	2	6	4	7	3	0	0	4	3	4	3	7
2	28	1008	4	6	3	4	7	3	6	4	1	0	7	4	4	7	11
2	28	1008	6	4	4	3	6	4	7	3	0	1	4	7	7	4	11
2	28	1014	2	8	3	6	7	3	6	4	1	0	7	4	6	5	11
2	28	1014	8	2	6	3	6	4	7	3	0	1	4	7	5	6	11
2	28	1016	5	1	0	5	6	4	7	3	0	0	4	3	4	3	7
2	28	1016	1	5	5	0	7	3	6	4	0	0	3	4	3	4	7
2	29	1034	5	2	0	3	7	3	6	4	0	0	3	4	3	4	7
2	29	1034	2	5	3	0	6	4	7	3	0	0	4	3	4	3	7
2	29	1041	3	8	2	6	6	4	7	3	1	0	6	3	6	3	9
2	29	1041	8	3	6	2	7	3	6	4	0	1	3	6	3	6	9
2	29	1044	1	6	4	5	6	4	7	3	1	1	6	7	8	5	13
2	29	1044	6	1	5	4	7	3	6	4	1	1	7	6	5	8	13
2	29	1064	4	7	8	2	6	4	7	3	0	1	4	7	3	8	11
2	29	1064	7	4	2	8	7	3	6	4	1	0	7	4	8	3	11
2	30	1079	5	1	0	5	6	4	7	3	0	0	4	3	4	3	7
2	30	1079	1	5	5	0	7	3	6	4	0	0	3	4	3	4	7
2	30	1083	4	6	2	4	7	3	6	4	1	0	7	4	4	7	11
2	30	1083	6	4	4	2	6	4	7	3	0	1	4	7	7	4	11
2	30	1092	7	3	2	2	6	4	7	3	0	0	4	3	4	3	7
2	30	1092	3	7	2	2	7	3	6	4	0	0	3	4	3	4	7
2	30	1108	8	2	6	3	6	4	7	3	0	1	4	7	5	6	11
2	30	1108	2	8	3	6	7	3	6	4	1	0	7	4	6	5	11
2	31	1127	8	3	5	2	7	3	6	4	0	1	3	6	4	5	9
2	31	1127	3	8	2	5	6	4	7	3	1	0	6	3	5	4	9
2	31	1129	1	6	4	5	6	4	7	3	1	1	6	7	8	5	13
2	31	1129	6	1	5	4	7	3	6	4	1	1	7	6	5	8	13
2	31	1132	4	7	7	3	6	4	7	3	1	0	6	3	3	6	9
2	31	1132	7	4	3	7	7	3	6	4	0	1	3	6	6	3	9
2	31	1137	5	2	0	3	7	3	6	4	0	0	3	4	3	4	7
2	31	1137	2	5	3	0	6	4	7	3	0	0	4	3	4	3	7
2	32	1156	1	5	5	0	7	3	6	4	0	0	3	4	3	4	7
2	32	1156	5	1	0	5	6	4	7	3	0	0	4	3	4	3	7
2	32	1159	4	6	6	4	7	3	6	4	1	1	7	6	4	9	13
2	32	1159	6	4	4	6	6	4	7	3	1	1	6	7	9	4	13
2	32	1169	8	2	8	3	6	4	7	3	0	1	4	7	3	8	11
2	32	1169	2	8	3	8	7	3	6	4	1	0	7	4	8	3	11
2	32	1177	3	7	5	2	7	3	6	4	0	0	3	4	3	4	7
2	32	1177	7	3	2	5	6	4	7	3	0	0	4	3	4	3	7
2	33	1201	1	8	4	0	6	4	7	3	0	1	4	7	7	4	11
2	33	1201	8	1	0	4	7	3	6	4	1	0	7	4	4	7	11
2	33	1204	4	5	5	0	6	4	7	3	1	0	6	3	0	9	9
2	33	1204	5	4	0	5	7	3	6	4	0	1	3	6	9	0	9
2	33	1205	2	7	3	2	6	4	7	3	0	0	4	3	4	3	7
2	33	1205	7	2	2	3	7	3	6	4	0	0	3	4	3	4	7
2	33	1231	6	3	5	4	7	3	6	4	1	0	7	4	4	7	11
2	33	1231	3	6	4	5	6	4	7	3	0	1	4	7	7	4	11
2	34	1248	4	8	1	10	7	3	6	4	0	1	3	6	8	1	9
2	34	1249	8	4	10	1	6	4	7	3	1	0	6	3	1	8	9
2	34	1254	1	7	5	3	7	3	6	4	0	0	3	4	3	4	7
2	34	1254	7	1	3	5	6	4	7	3	0	0	4	3	4	3	7
2	34	1258	5	3	0	5	6	4	7	3	0	0	4	3	4	3	7
2	34	1258	3	5	5	0	7	3	6	4	0	0	3	4	3	4	7
2	34	1270	6	2	4	3	6	4	7	3	0	1	4	7	7	4	11
2	34	1270	2	6	3	4	7	3	6	4	1	0	7	4	4	7	11
2	35	1285	8	3	5	4	7	3	6	4	0	0	3	4	3	4	7
2	35	1285	3	8	4	5	6	4	7	3	0	0	4	3	4	3	7
2	35	1287	1	6	4	5	6	4	7	3	1	1	6	7	8	5	13
2	35	1287	6	1	5	4	7	3	6	4	1	1	7	6	5	8	13
2	35	1293	2	5	0	0	6	4	7	3	0	0	4	3	4	3	7
2	35	1293	5	2	0	0	7	3	6	4	0	0	3	4	3	4	7
2	35	1299	4	7	8	4	6	4	7	3	1	1	6	7	3	10	13
2	35	1299	7	4	4	8	7	3	6	4	1	1	7	6	10	3	13
2	36	1320	1	5	5	0	7	3	6	4	0	0	3	4	3	4	7
2	36	1320	5	1	0	5	6	4	7	3	0	0	4	3	4	3	7
2	36	1322	4	6	10	4	7	3	6	4	1	1	7	6	0	13	13
2	36	1322	6	4	4	10	6	4	7	3	1	1	6	7	13	0	13
2	36	1323	3	7	4	3	7	3	6	4	0	0	3	4	3	4	7
2	36	1324	7	3	3	4	6	4	7	3	0	0	4	3	4	3	7
2	36	1337	8	2	0	3	6	4	7	3	0	0	4	3	4	3	7
2	36	1337	2	8	3	0	7	3	6	4	0	0	3	4	3	4	7
2	37	1353	5	2	0	2	7	3	6	4	0	0	3	4	3	4	7
2	37	1353	2	5	2	0	6	4	7	3	0	0	4	3	4	3	7
2	37	1356	1	6	4	5	6	4	7	3	1	1	6	7	8	5	13
2	37	1356	6	1	5	4	7	3	6	4	1	1	7	6	5	8	13
2	37	1359	8	3	0	4	7	3	6	4	0	0	3	4	3	4	7
2	37	1360	3	8	4	0	6	4	7	3	0	0	4	3	4	3	7
2	37	1382	4	7	6	3	6	4	7	3	0	1	4	7	5	6	11
2	37	1382	7	4	3	6	7	3	6	4	1	0	7	4	6	5	11
2	38	1401	1	8	5	6	7	3	6	4	1	0	7	4	6	5	11
2	38	1401	8	1	6	5	6	4	7	3	0	1	4	7	5	6	11
2	38	1408	2	7	3	1	7	3	6	4	0	0	3	4	3	4	7
2	38	1409	7	2	1	3	6	4	7	3	0	0	4	3	4	3	7
2	38	1413	4	5	2	0	7	3	6	4	1	0	7	4	0	11	11
2	38	1413	5	4	0	2	6	4	7	3	0	1	4	7	11	0	11
2	38	1414	3	6	5	4	7	3	6	4	0	1	3	6	4	5	9
2	38	1414	6	3	4	5	6	4	7	3	1	0	6	3	5	4	9
2	39	1433	1	6	4	5	6	4	7	3	1	1	6	7	8	5	13
2	39	1433	6	1	5	4	7	3	6	4	1	1	7	6	5	8	13
2	39	1434	3	8	5	3	6	4	7	3	0	1	4	7	6	5	11
2	39	1434	8	3	3	5	7	3	6	4	1	0	7	4	5	6	11
2	39	1437	4	7	0	3	6	4	7	3	1	0	6	3	3	6	9
2	39	1437	7	4	3	0	7	3	6	4	0	1	3	6	6	3	9
2	39	1442	5	2	0	4	7	3	6	4	0	0	3	4	3	4	7
2	39	1442	2	5	4	0	6	4	7	3	0	0	4	3	4	3	7
2	40	1456	4	7	3	2	7	3	6	4	1	0	7	4	2	9	11
2	40	1456	7	4	2	3	6	4	7	3	0	1	4	7	9	2	11
2	40	1458	8	3	6	4	6	4	7	3	1	1	6	7	5	8	13
2	40	1458	3	8	4	6	7	3	6	4	1	1	7	6	8	5	13
2	40	1459	6	1	4	5	6	4	7	3	1	1	6	7	8	5	13
2	40	1459	1	6	5	4	7	3	6	4	1	1	7	6	5	8	13
2	40	1462	2	5	3	0	7	3	6	4	0	0	3	4	3	4	7
2	40	1462	5	2	0	3	6	4	7	3	0	0	4	3	4	3	7
3	1	19	5	3	0	0	7	3	6	4	0	0	3	4	3	4	7
3	1	19	3	5	0	0	6	4	7	3	0	0	4	3	4	3	7
3	1	22	1	7	0	0	6	4	7	3	0	0	4	3	4	3	7
3	1	22	7	1	0	0	7	3	6	4	0	0	3	4	3	4	7
3	1	27	8	4	0	0	7	3	6	4	0	0	3	4	3	4	7
3	1	27	4	8	0	0	6	4	7	3	0	0	4	3	4	3	7
3	1	46	2	6	0	0	6	4	7	3	1	0	6	3	0	9	9
3	1	46	6	2	0	0	7	3	6	4	0	1	3	6	9	0	9
3	2	55	5	1	0	0	6	4	7	3	0	0	4	3	4	3	7
3	2	55	1	5	0	0	7	3	6	4	0	0	3	4	3	4	7
3	2	59	3	7	0	0	7	3	6	4	0	0	3	4	3	4	7
3	2	59	7	3	0	0	6	4	7	3	0	0	4	3	4	3	7
3	2	59	2	8	0	0	7	3	6	4	1	0	7	4	0	11	11
3	2	59	8	2	0	0	6	4	7	3	0	1	4	7	11	0	11
3	2	61	6	4	0	0	6	4	7	3	0	0	4	3	4	3	7
3	2	61	4	6	0	0	7	3	6	4	0	0	3	4	3	4	7
3	3	70	2	5	0	0	6	4	7	3	0	0	4	3	4	3	7
3	3	71	5	2	0	0	7	3	6	4	0	0	3	4	3	4	7
3	3	71	1	6	0	0	6	4	7	3	0	0	4	3	4	3	7
3	3	71	6	1	0	0	7	3	6	4	0	0	3	4	3	4	7
3	3	72	7	4	0	0	7	3	6	4	0	1	3	6	9	0	9
3	3	72	4	7	0	0	6	4	7	3	1	0	6	3	0	9	9
3	3	73	8	3	0	0	7	3	6	4	0	0	3	4	3	4	7
3	3	73	3	8	0	0	6	4	7	3	0	0	4	3	4	3	7
3	4	81	5	1	0	0	6	4	7	3	0	0	4	3	4	3	7
3	4	81	1	5	0	0	7	3	6	4	0	0	3	4	3	4	7
3	4	85	7	3	0	0	6	4	7	3	0	0	4	3	4	3	7
3	4	85	3	7	0	0	7	3	6	4	0	0	3	4	3	4	7
3	4	86	4	6	0	0	7	3	6	4	0	0	3	4	3	4	7
3	4	86	6	4	0	0	6	4	7	3	0	0	4	3	4	3	7
3	4	87	2	8	0	0	7	3	6	4	1	0	7	4	0	11	11
3	4	87	8	2	0	0	6	4	7	3	0	1	4	7	11	0	11
3	5	95	5	3	0	0	7	3	6	4	0	0	3	4	3	4	7
3	5	95	3	5	0	0	6	4	7	3	0	0	4	3	4	3	7
3	5	96	1	7	0	0	6	4	7	3	0	0	4	3	4	3	7
3	5	96	7	1	0	0	7	3	6	4	0	0	3	4	3	4	7
3	5	98	4	8	0	0	6	4	7	3	0	0	4	3	4	3	7
3	5	98	8	4	0	0	7	3	6	4	0	0	3	4	3	4	7
3	5	101	2	6	0	0	6	4	7	3	0	0	4	3	4	3	7
3	5	101	6	2	0	0	7	3	6	4	0	0	3	4	3	4	7
3	6	107	5	2	0	0	6	4	7	3	0	0	4	3	4	3	7
3	6	107	2	5	0	0	7	3	6	4	0	0	3	4	3	4	7
3	6	108	3	8	0	0	7	3	6	4	0	0	3	4	3	4	7
3	6	108	8	3	0	0	6	4	7	3	0	0	4	3	4	3	7
3	6	110	1	6	0	0	7	3	6	4	0	0	3	4	3	4	7
3	6	110	6	1	0	0	6	4	7	3	0	0	4	3	4	3	7
3	6	112	4	7	0	0	7	3	6	4	0	0	3	4	3	4	7
3	6	112	7	4	0	0	6	4	7	3	0	0	4	3	4	3	7
3	7	119	2	5	0	0	6	4	7	3	0	0	4	3	4	3	7
3	7	119	5	2	0	0	7	3	6	4	0	0	3	4	3	4	7
3	7	119	1	6	0	0	6	4	7	3	0	0	4	3	4	3	7
3	7	119	6	1	0	0	7	3	6	4	0	0	3	4	3	4	7
3	7	122	7	4	0	0	7	3	6	4	0	0	3	4	3	4	7
3	7	122	4	7	0	0	6	4	7	3	0	0	4	3	4	3	7
3	7	122	3	8	0	0	6	4	7	3	0	0	4	3	4	3	7
3	7	122	8	3	0	0	7	3	6	4	0	0	3	4	3	4	7
3	8	128	2	5	0	0	7	3	6	4	0	0	3	4	3	4	7
3	8	128	5	2	0	0	6	4	7	3	0	0	4	3	4	3	7
3	8	128	8	3	0	0	6	4	7	3	0	0	4	3	4	3	7
3	8	129	3	8	0	0	7	3	6	4	0	0	3	4	3	4	7
3	8	131	7	4	0	0	6	4	7	3	0	0	4	3	4	3	7
3	8	131	4	7	0	0	7	3	6	4	0	0	3	4	3	4	7
3	8	133	1	6	0	0	7	3	6	4	0	0	3	4	3	4	7
3	8	133	6	1	0	0	6	4	7	3	0	0	4	3	4	3	7
3	9	140	5	1	0	0	7	3	6	4	0	0	3	4	3	4	7
3	9	140	1	5	0	0	6	4	7	3	0	0	4	3	4	3	7
3	9	141	3	7	0	0	6	4	7	3	0	0	4	3	4	3	7
3	9	141	7	3	0	0	7	3	6	4	0	0	3	4	3	4	7
3	9	141	8	2	0	0	7	3	6	4	0	0	3	4	3	4	7
3	9	141	2	8	0	0	6	4	7	3	0	0	4	3	4	3	7
3	9	144	4	6	0	0	6	4	7	3	0	0	4	3	4	3	7
3	9	144	6	4	0	0	7	3	6	4	0	0	3	4	3	4	7
3	10	153	3	6	0	0	7	3	6	4	0	0	3	4	3	4	7
3	10	153	6	3	0	0	6	4	7	3	0	0	4	3	4	3	7
3	10	153	8	1	0	0	6	4	7	3	0	0	4	3	4	3	7
3	10	153	1	8	0	0	7	3	6	4	0	0	3	4	3	4	7
3	10	153	2	7	0	0	7	3	6	4	1	0	7	4	0	11	11
3	10	153	7	2	0	0	6	4	7	3	0	1	4	7	11	0	11
3	10	154	5	4	0	0	6	4	7	3	0	0	4	3	4	3	7
3	10	154	4	5	0	0	7	3	6	4	0	0	3	4	3	4	7
3	11	161	5	1	0	0	7	3	6	4	0	0	3	4	3	4	7
3	11	161	1	5	0	0	6	4	7	3	0	0	4	3	4	3	7
3	11	164	3	7	0	0	6	4	7	3	0	0	4	3	4	3	7
3	11	164	7	3	0	0	7	3	6	4	0	0	3	4	3	4	7
3	11	169	2	8	0	0	6	4	7	3	1	0	6	3	0	9	9
3	11	169	8	2	0	0	7	3	6	4	0	1	3	6	9	0	9
3	11	180	4	6	0	0	6	4	7	3	0	0	4	3	4	3	7
3	11	180	6	4	0	0	7	3	6	4	0	0	3	4	3	4	7
3	12	185	2	7	0	0	7	3	6	4	0	0	3	4	3	4	7
3	12	185	7	2	0	0	6	4	7	3	0	0	4	3	4	3	7
3	12	186	1	8	0	0	7	3	6	4	0	0	3	4	3	4	7
3	12	186	8	1	0	0	6	4	7	3	0	0	4	3	4	3	7
3	12	187	5	4	0	0	6	4	7	3	0	0	4	3	4	3	7
3	12	187	4	5	0	0	7	3	6	4	0	0	3	4	3	4	7
3	12	188	3	6	0	0	7	3	6	4	0	0	3	4	3	4	7
3	12	188	6	3	0	0	6	4	7	3	0	0	4	3	4	3	7
3	13	194	2	8	0	0	6	4	7	3	0	0	4	3	4	3	7
3	13	194	8	2	0	0	7	3	6	4	0	0	3	4	3	4	7
3	13	194	1	5	0	0	6	4	7	3	0	0	4	3	4	3	7
3	13	194	5	1	0	0	7	3	6	4	0	0	3	4	3	4	7
3	13	195	3	7	0	0	6	4	7	3	0	0	4	3	4	3	7
3	13	195	7	3	0	0	7	3	6	4	0	0	3	4	3	4	7
3	13	202	6	4	0	0	7	3	6	4	0	0	3	4	3	4	7
3	13	202	4	6	0	0	6	4	7	3	0	0	4	3	4	3	7
3	14	207	4	7	0	0	7	3	6	4	0	0	3	4	3	4	7
3	14	207	7	4	0	0	6	4	7	3	0	0	4	3	4	3	7
3	14	207	3	8	0	0	7	3	6	4	0	0	3	4	3	4	7
3	14	207	8	3	0	0	6	4	7	3	0	0	4	3	4	3	7
3	14	207	2	5	0	0	7	3	6	4	0	0	3	4	3	4	7
3	14	207	5	2	0	0	6	4	7	3	0	0	4	3	4	3	7
3	14	211	6	1	0	0	6	4	7	3	0	0	4	3	4	3	7
3	14	211	1	6	0	0	7	3	6	4	0	0	3	4	3	4	7
3	15	215	2	8	0	0	6	4	7	3	1	0	6	3	0	9	9
3	15	215	8	2	0	0	7	3	6	4	0	1	3	6	9	0	9
3	15	217	5	1	0	0	7	3	6	4	0	0	3	4	3	4	7
3	15	217	1	5	0	0	6	4	7	3	0	0	4	3	4	3	7
3	15	217	3	7	0	0	6	4	7	3	0	0	4	3	4	3	7
3	15	217	7	3	0	0	7	3	6	4	0	0	3	4	3	4	7
3	15	218	6	4	0	0	7	3	6	4	0	0	3	4	3	4	7
3	15	218	4	6	0	0	6	4	7	3	0	0	4	3	4	3	7
3	16	407	1	8	4	3	7	3	6	4	1	0	7	4	3	8	11
3	16	407	8	1	3	4	6	4	7	3	0	1	4	7	8	3	11
3	16	420	6	3	0	5	6	4	7	3	0	0	4	3	4	3	7
3	16	420	3	6	5	0	7	3	6	4	0	0	3	4	3	4	7
3	16	420	2	7	2	1	7	3	6	4	1	0	7	4	1	10	11
3	16	421	7	2	1	2	6	4	7	3	0	1	4	7	10	1	11
3	16	425	5	4	3	1	6	4	7	3	0	1	4	7	8	3	11
3	16	426	4	5	1	3	7	3	6	4	1	0	7	4	3	8	11
3	17	471	6	1	0	4	7	3	6	4	0	0	3	4	3	4	7
3	17	471	1	6	4	0	6	4	7	3	0	0	4	3	4	3	7
3	17	471	3	8	4	3	6	4	7	3	0	1	4	7	7	4	11
3	17	471	8	3	3	4	7	3	6	4	1	0	7	4	4	7	11
3	17	477	4	7	2	0	6	4	7	3	0	0	4	3	4	3	7
3	17	477	7	4	0	2	7	3	6	4	0	0	3	4	3	4	7
3	17	481	2	5	0	2	6	4	7	3	0	0	4	3	4	3	7
3	17	481	5	2	2	0	7	3	6	4	0	0	3	4	3	4	7
3	18	512	6	4	2	2	6	4	7	3	0	0	4	3	4	3	7
3	18	512	4	6	2	2	7	3	6	4	0	0	3	4	3	4	7
3	18	525	3	7	5	3	7	3	6	4	0	1	3	6	4	5	9
3	18	525	7	3	3	5	6	4	7	3	1	0	6	3	5	4	9
3	18	546	2	8	0	3	7	3	6	4	1	0	7	4	3	8	11
3	18	546	8	2	3	0	6	4	7	3	0	1	4	7	8	3	11
3	18	552	1	5	5	3	7	3	6	4	0	1	3	6	4	5	9
3	18	552	5	1	3	5	6	4	7	3	1	0	6	3	5	4	9
3	19	577	3	8	4	3	6	4	7	3	0	0	4	3	4	3	7
3	19	578	8	3	3	4	7	3	6	4	0	0	3	4	3	4	7
3	19	581	5	2	2	0	7	3	6	4	0	0	3	4	3	4	7
3	19	581	2	5	0	2	6	4	7	3	0	0	4	3	4	3	7
3	19	595	6	1	0	3	7	3	6	4	0	0	3	4	3	4	7
3	19	596	1	6	3	0	6	4	7	3	0	0	4	3	4	3	7
3	19	613	4	7	4	4	6	4	7	3	0	0	4	3	4	3	7
3	19	613	7	4	4	4	7	3	6	4	0	0	3	4	3	4	7
3	20	650	1	5	5	3	7	3	6	4	0	1	3	6	4	5	9
3	20	651	5	1	3	5	6	4	7	3	1	0	6	3	5	4	9
3	20	657	3	7	5	2	7	3	6	4	0	1	3	6	4	5	9
3	20	658	7	3	2	5	6	4	7	3	1	0	6	3	5	4	9
3	20	667	2	8	0	3	7	3	6	4	1	0	7	4	3	8	11
3	20	667	8	2	3	0	6	4	7	3	0	1	4	7	8	3	11
3	20	669	4	6	5	0	7	3	6	4	0	1	3	6	4	5	9
3	20	669	6	4	0	5	6	4	7	3	1	0	6	3	5	4	9
3	21	693	3	5	4	2	6	4	7	3	0	1	4	7	7	4	11
3	21	693	5	3	2	4	7	3	6	4	1	0	7	4	4	7	11
3	21	711	4	8	4	3	6	4	7	3	0	1	4	7	7	4	11
3	21	712	8	4	3	4	7	3	6	4	1	0	7	4	4	7	11
3	21	714	2	6	0	5	6	4	7	3	0	0	4	3	4	3	7
3	21	714	6	2	5	0	7	3	6	4	0	0	3	4	3	4	7
3	21	715	1	7	4	3	6	4	7	3	0	1	4	7	7	4	11
3	21	715	7	1	3	4	7	3	6	4	1	0	7	4	4	7	11
3	22	748	3	7	5	3	7	3	6	4	0	1	3	6	4	5	9
3	22	749	7	3	3	5	6	4	7	3	1	0	6	3	5	4	9
3	22	751	4	6	5	4	7	3	6	4	1	1	7	6	5	8	13
3	22	751	6	4	4	5	6	4	7	3	1	1	6	7	8	5	13
3	22	772	2	8	1	3	7	3	6	4	0	0	3	4	3	4	7
3	22	772	8	2	3	1	6	4	7	3	0	0	4	3	4	3	7
3	22	781	5	1	4	5	6	4	7	3	1	0	6	3	5	4	9
3	22	781	1	5	5	4	7	3	6	4	0	1	3	6	4	5	9
3	23	803	3	8	4	3	6	4	7	3	0	1	4	7	7	4	11
3	23	803	8	3	3	4	7	3	6	4	1	0	7	4	4	7	11
3	23	814	2	5	0	3	6	4	7	3	0	0	4	3	4	3	7
3	23	814	5	2	3	0	7	3	6	4	0	0	3	4	3	4	7
3	23	828	4	7	4	2	6	4	7	3	0	1	4	7	7	4	11
3	23	828	7	4	2	4	7	3	6	4	1	0	7	4	4	7	11
3	23	831	6	1	5	4	7	3	6	4	1	0	7	4	4	7	11
3	23	831	1	6	4	5	6	4	7	3	0	1	4	7	7	4	11
3	24	863	2	5	3	4	7	3	6	4	1	0	7	4	4	7	11
3	24	863	5	2	4	3	6	4	7	3	0	1	4	7	7	4	11
3	24	864	3	8	5	3	7	3	6	4	0	1	3	6	4	5	9
3	24	864	8	3	3	5	6	4	7	3	1	0	6	3	5	4	9
3	24	866	4	7	5	3	7	3	6	4	0	0	3	4	3	4	7
3	24	867	7	4	3	5	6	4	7	3	0	0	4	3	4	3	7
3	24	883	1	6	0	4	7	3	6	4	1	0	7	4	4	7	11
3	24	883	6	1	4	0	6	4	7	3	0	1	4	7	7	4	11
3	25	901	4	6	4	0	6	4	7	3	0	1	4	7	7	4	11
3	25	901	6	4	0	4	7	3	6	4	1	0	7	4	4	7	11
3	25	917	1	5	4	3	6	4	7	3	0	1	4	7	7	4	11
3	25	917	5	1	3	4	7	3	6	4	1	0	7	4	4	7	11
3	25	921	3	7	4	4	6	4	7	3	0	0	4	3	4	3	7
3	25	921	7	3	4	4	7	3	6	4	0	0	3	4	3	4	7
3	25	936	2	8	3	3	6	4	7	3	1	0	6	3	3	6	9
3	25	936	8	2	3	3	7	3	6	4	0	1	3	6	6	3	9
3	26	958	3	7	5	4	7	3	6	4	1	0	7	4	4	7	11
3	26	958	7	3	4	5	6	4	7	3	0	1	4	7	7	4	11
3	26	970	5	1	3	0	6	4	7	3	0	1	4	7	8	3	11
3	26	970	1	5	0	3	7	3	6	4	1	0	7	4	3	8	11
3	26	976	4	6	5	4	7	3	6	4	1	1	7	6	5	8	13
3	26	976	6	4	4	5	6	4	7	3	1	1	6	7	8	5	13
3	26	1010	2	8	0	4	7	3	6	4	1	0	7	4	4	7	11
3	26	1010	8	2	4	0	6	4	7	3	0	1	4	7	7	4	11
3	27	1028	2	5	0	2	6	4	7	3	0	0	4	3	4	3	7
3	27	1028	5	2	2	0	7	3	6	4	0	0	3	4	3	4	7
3	27	1038	6	1	0	4	7	3	6	4	1	0	7	4	4	7	11
3	27	1038	1	6	4	0	6	4	7	3	0	1	4	7	7	4	11
3	27	1042	4	7	4	4	6	4	7	3	0	0	4	3	4	3	7
3	27	1042	7	4	4	4	7	3	6	4	0	0	3	4	3	4	7
3	27	1066	3	8	4	5	6	4	7	3	0	1	4	7	7	4	11
3	27	1067	8	3	5	4	7	3	6	4	1	0	7	4	4	7	11
3	28	1089	2	8	0	2	7	3	6	4	1	0	7	4	2	9	11
3	28	1090	8	2	2	0	6	4	7	3	0	1	4	7	9	2	11
3	28	1095	3	7	5	4	7	3	6	4	1	0	7	4	4	7	11
3	28	1096	7	3	4	5	6	4	7	3	0	1	4	7	7	4	11
3	28	1096	6	4	4	5	6	4	7	3	1	1	6	7	8	5	13
3	28	1096	4	6	5	4	7	3	6	4	1	1	7	6	5	8	13
3	28	1122	5	1	3	5	6	4	7	3	1	1	6	7	9	4	13
3	28	1122	1	5	5	3	7	3	6	4	1	1	7	6	4	9	13
3	29	1148	2	8	0	3	6	4	7	3	0	0	4	3	4	3	7
3	29	1148	8	2	3	0	7	3	6	4	0	0	3	4	3	4	7
3	29	1148	5	1	3	0	7	3	6	4	0	0	3	4	3	4	7
3	29	1149	1	5	0	3	6	4	7	3	0	0	4	3	4	3	7
3	29	1159	4	6	4	0	6	4	7	3	0	1	4	7	7	4	11
3	29	1159	6	4	0	4	7	3	6	4	1	0	7	4	4	7	11
3	29	1162	3	7	4	4	6	4	7	3	0	1	4	7	7	4	11
3	29	1162	7	3	4	4	7	3	6	4	1	0	7	4	4	7	11
3	30	1182	2	5	4	4	7	3	6	4	1	1	7	6	6	7	13
3	30	1182	5	2	4	4	6	4	7	3	1	1	6	7	7	6	13
3	30	1184	4	7	5	4	7	3	6	4	1	0	7	4	4	7	11
3	30	1184	7	4	4	5	6	4	7	3	0	1	4	7	7	4	11
3	30	1201	3	8	5	3	7	3	6	4	0	1	3	6	4	5	9
3	30	1201	8	3	3	5	6	4	7	3	1	0	6	3	5	4	9
3	30	1207	6	1	4	0	6	4	7	3	0	1	4	7	7	4	11
3	30	1207	1	6	0	4	7	3	6	4	1	0	7	4	4	7	11
3	31	1222	4	6	4	0	6	4	7	3	0	1	4	7	7	4	11
3	31	1222	6	4	0	4	7	3	6	4	1	0	7	4	4	7	11
3	31	1229	5	1	3	4	7	3	6	4	1	0	7	4	4	7	11
3	31	1229	1	5	4	3	6	4	7	3	0	1	4	7	7	4	11
3	31	1233	3	7	4	4	6	4	7	3	0	1	4	7	7	4	11
3	31	1233	7	3	4	4	7	3	6	4	1	0	7	4	4	7	11
3	31	1243	2	8	4	3	6	4	7	3	1	1	6	7	6	7	13
3	31	1243	8	2	3	4	7	3	6	4	1	1	7	6	7	6	13
3	32	1266	2	7	4	4	7	3	6	4	1	0	7	4	4	7	11
3	32	1266	7	2	4	4	6	4	7	3	0	1	4	7	7	4	11
3	32	1267	4	5	5	4	7	3	6	4	1	1	7	6	5	8	13
3	32	1267	5	4	4	5	6	4	7	3	1	1	6	7	8	5	13
3	32	1270	3	6	5	4	7	3	6	4	1	1	7	6	5	8	13
3	32	1270	6	3	4	5	6	4	7	3	1	1	6	7	8	5	13
3	32	1274	1	8	0	4	7	3	6	4	1	0	7	4	4	7	11
3	32	1275	8	1	4	0	6	4	7	3	0	1	4	7	7	4	11
3	33	1291	2	5	5	2	6	4	7	3	1	1	6	7	4	9	13
3	33	1291	5	2	2	5	7	3	6	4	1	1	7	6	9	4	13
3	33	1307	3	8	4	3	6	4	7	3	0	1	4	7	7	4	11
3	33	1307	8	3	3	4	7	3	6	4	1	0	7	4	4	7	11
3	33	1310	4	7	4	4	6	4	7	3	0	1	4	7	7	4	11
3	33	1310	7	4	4	4	7	3	6	4	1	0	7	4	4	7	11
3	33	1325	1	6	4	5	6	4	7	3	1	1	6	7	8	5	13
3	33	1325	6	1	5	4	7	3	6	4	1	1	7	6	5	8	13
3	34	1342	4	6	5	4	7	3	6	4	1	1	7	6	5	8	13
3	34	1342	6	4	4	5	6	4	7	3	1	1	6	7	8	5	13
3	34	1345	5	1	4	0	6	4	7	3	0	1	4	7	7	4	11
3	34	1345	1	5	0	4	7	3	6	4	1	0	7	4	4	7	11
3	34	1346	3	7	5	4	7	3	6	4	1	0	7	4	4	7	11
3	34	1346	7	3	4	5	6	4	7	3	0	1	4	7	7	4	11
3	34	1361	2	8	5	3	7	3	6	4	1	1	7	6	4	9	13
3	34	1361	8	2	3	5	6	4	7	3	1	1	6	7	9	4	13
3	35	1384	6	1	0	4	7	3	6	4	1	0	7	4	4	7	11
3	35	1384	1	6	4	0	6	4	7	3	0	1	4	7	7	4	11
3	35	1387	3	8	4	3	6	4	7	3	0	1	4	7	7	4	11
3	35	1387	8	3	3	4	7	3	6	4	1	0	7	4	4	7	11
3	35	1396	4	7	4	4	6	4	7	3	0	1	4	7	7	4	11
3	35	1396	7	4	4	4	7	3	6	4	1	0	7	4	4	7	11
3	35	1409	5	2	1	5	7	3	6	4	1	1	7	6	10	3	13
3	35	1409	2	5	5	1	6	4	7	3	1	1	6	7	3	10	13
3	36	1428	2	5	4	3	7	3	6	4	1	1	7	6	5	8	13
3	36	1428	5	2	3	4	6	4	7	3	1	1	6	7	8	5	13
3	36	1431	1	6	0	4	7	3	6	4	1	0	7	4	4	7	11
3	36	1431	6	1	4	0	6	4	7	3	0	1	4	7	7	4	11
3	36	1454	4	7	5	4	7	3	6	4	1	1	7	6	5	8	13
3	36	1454	7	4	4	5	6	4	7	3	1	1	6	7	8	5	13
3	36	1459	3	8	5	4	7	3	6	4	1	0	7	4	4	7	11
3	36	1459	8	3	4	5	6	4	7	3	0	1	4	7	7	4	11
3	37	1476	5	3	2	4	7	3	6	4	1	0	7	4	4	7	11
3	37	1476	3	5	4	2	6	4	7	3	0	1	4	7	7	4	11
3	37	1482	2	6	3	5	6	4	7	3	1	0	6	3	5	4	9
3	37	1482	6	2	5	3	7	3	6	4	0	1	3	6	4	5	9
3	37	1491	8	4	3	4	7	3	6	4	1	0	7	4	4	7	11
3	37	1491	4	8	4	3	6	4	7	3	0	1	4	7	7	4	11
3	37	1494	7	1	4	4	7	3	6	4	1	1	7	6	6	7	13
3	37	1494	1	7	4	4	6	4	7	3	1	1	6	7	7	6	13
3	38	1507	6	3	4	5	6	4	7	3	1	1	6	7	8	5	13
3	38	1508	3	6	5	4	7	3	6	4	1	1	7	6	5	8	13
3	38	1515	1	8	4	4	7	3	6	4	1	0	7	4	4	7	11
3	38	1515	8	1	4	4	6	4	7	3	0	1	4	7	7	4	11
3	38	1515	5	4	4	5	6	4	7	3	1	1	6	7	8	5	13
3	38	1515	4	5	5	4	7	3	6	4	1	1	7	6	5	8	13
3	38	1519	2	7	4	4	7	3	6	4	1	0	7	4	4	7	11
3	38	1519	7	2	4	4	6	4	7	3	0	1	4	7	7	4	11
3	39	1532	3	8	4	3	6	4	7	3	0	1	4	7	7	4	11
3	39	1533	8	3	3	4	7	3	6	4	1	0	7	4	4	7	11
3	39	1535	2	5	4	2	6	4	7	3	1	1	6	7	5	8	13
3	39	1535	5	2	2	4	7	3	6	4	1	1	7	6	8	5	13
3	39	1550	4	7	4	4	6	4	7	3	0	1	4	7	7	4	11
3	39	1550	7	4	4	4	7	3	6	4	1	0	7	4	4	7	11
3	39	1560	6	1	5	3	7	3	6	4	0	1	3	6	4	5	9
3	39	1560	1	6	3	5	6	4	7	3	1	0	6	3	5	4	9
3	40	1576	2	5	4	4	7	3	6	4	1	1	7	6	6	7	13
3	40	1576	5	2	4	4	6	4	7	3	1	1	6	7	7	6	13
3	40	1585	4	7	5	4	7	3	6	4	1	1	7	6	5	8	13
3	40	1585	7	4	4	5	6	4	7	3	1	1	6	7	8	5	13
3	40	1587	3	8	5	4	7	3	6	4	1	0	7	4	4	7	11
3	40	1587	8	3	4	5	6	4	7	3	0	1	4	7	7	4	11
3	40	1598	6	1	4	0	6	4	7	3	0	1	4	7	7	4	11
3	40	1598	1	6	0	4	7	3	6	4	1	0	7	4	4	7	11
4	1	12	2	8	0	0	6	4	7	3	0	0	4	3	4	3	7
4	1	12	8	2	0	0	7	3	6	4	0	0	3	4	3	4	7
4	1	19	3	7	0	0	6	4	7	3	0	0	4	3	4	3	7
4	1	19	7	3	0	0	7	3	6	4	0	0	3	4	3	4	7
4	1	25	5	1	0	0	7	3	6	4	0	0	3	4	3	4	7
4	1	25	1	5	0	0	6	4	7	3	0	0	4	3	4	3	7
4	1	27	4	6	0	0	6	4	7	3	0	0	4	3	4	3	7
4	1	27	6	4	0	0	7	3	6	4	0	0	3	4	3	4	7
4	2	35	1	8	0	0	7	3	6	4	1	0	7	4	0	11	11
4	2	35	8	1	0	0	6	4	7	3	0	1	4	7	11	0	11
4	2	40	2	7	0	0	7	3	6	4	0	0	3	4	3	4	7
4	2	40	7	2	0	0	6	4	7	3	0	0	4	3	4	3	7
4	2	40	5	4	0	0	6	4	7	3	1	0	6	3	0	9	9
4	2	40	4	5	0	0	7	3	6	4	0	1	3	6	9	0	9
4	2	43	3	6	0	0	7	3	6	4	0	0	3	4	3	4	7
4	2	43	6	3	0	0	6	4	7	3	0	0	4	3	4	3	7
4	3	51	3	7	0	0	6	4	7	3	0	0	4	3	4	3	7
4	3	51	7	3	0	0	7	3	6	4	0	0	3	4	3	4	7
4	3	55	6	4	0	0	7	3	6	4	1	0	7	4	0	11	11
4	3	55	4	6	0	0	6	4	7	3	0	1	4	7	11	0	11
4	3	55	8	2	0	0	7	3	6	4	1	0	7	4	0	11	11
4	3	55	2	8	0	0	6	4	7	3	0	1	4	7	11	0	11
4	3	56	1	5	0	0	6	4	7	3	0	1	4	7	11	0	11
4	3	57	5	1	0	0	7	3	6	4	1	0	7	4	0	11	11
4	4	64	3	8	0	0	7	3	6	4	0	0	3	4	3	4	7
4	4	64	8	3	0	0	6	4	7	3	0	0	4	3	4	3	7
4	4	65	1	6	0	0	7	3	6	4	1	0	7	4	0	11	11
4	4	65	6	1	0	0	6	4	7	3	0	1	4	7	11	0	11
4	4	68	2	5	0	0	7	3	6	4	0	0	3	4	3	4	7
4	4	68	5	2	0	0	6	4	7	3	0	0	4	3	4	3	7
4	4	68	4	7	0	0	7	3	6	4	0	0	3	4	3	4	7
4	4	68	7	4	0	0	6	4	7	3	0	0	4	3	4	3	7
4	5	74	8	2	0	0	7	3	6	4	0	0	3	4	3	4	7
4	5	74	2	8	0	0	6	4	7	3	0	0	4	3	4	3	7
4	5	78	3	7	0	0	6	4	7	3	0	0	4	3	4	3	7
4	5	79	7	3	0	0	7	3	6	4	0	0	3	4	3	4	7
4	5	79	6	4	0	0	7	3	6	4	1	0	7	4	0	11	11
4	5	79	4	6	0	0	6	4	7	3	0	1	4	7	11	0	11
4	5	87	5	1	0	0	7	3	6	4	1	0	7	4	0	11	11
4	5	87	1	5	0	0	6	4	7	3	0	1	4	7	11	0	11
4	6	96	6	1	0	0	6	4	7	3	0	0	4	3	4	3	7
4	6	97	1	6	0	0	7	3	6	4	0	0	3	4	3	4	7
4	6	97	2	5	0	0	7	3	6	4	0	0	3	4	3	4	7
4	6	97	5	2	0	0	6	4	7	3	0	0	4	3	4	3	7
4	6	101	3	8	0	0	7	3	6	4	0	1	3	6	9	0	9
4	6	101	8	3	0	0	6	4	7	3	1	0	6	3	0	9	9
4	6	107	7	4	0	0	6	4	7	3	0	0	4	3	4	3	7
4	6	107	4	7	0	0	7	3	6	4	0	0	3	4	3	4	7
4	7	114	5	1	0	0	7	3	6	4	1	0	7	4	0	11	11
4	7	114	1	5	0	0	6	4	7	3	0	1	4	7	11	0	11
4	7	119	3	7	0	0	6	4	7	3	0	0	4	3	4	3	7
4	7	119	7	3	0	0	7	3	6	4	0	0	3	4	3	4	7
4	7	122	6	4	0	0	7	3	6	4	1	1	7	6	6	7	13
4	7	122	4	6	0	0	6	4	7	3	1	1	6	7	7	6	13
4	7	122	8	2	0	0	7	3	6	4	0	0	3	4	3	4	7
4	7	122	2	8	0	0	6	4	7	3	0	0	4	3	4	3	7
4	8	129	8	3	0	0	6	4	7	3	0	0	4	3	4	3	7
4	8	129	3	8	0	0	7	3	6	4	0	0	3	4	3	4	7
4	8	131	5	2	0	0	6	4	7	3	1	0	6	3	0	9	9
4	8	131	2	5	0	0	7	3	6	4	0	1	3	6	9	0	9
4	8	131	6	1	0	0	6	4	7	3	1	1	6	7	7	6	13
4	8	131	1	6	0	0	7	3	6	4	1	1	7	6	6	7	13
4	8	131	4	7	0	0	7	3	6	4	1	0	7	4	0	11	11
4	8	131	7	4	0	0	6	4	7	3	0	1	4	7	11	0	11
4	9	139	8	2	0	0	7	3	6	4	0	1	3	6	9	0	9
4	9	139	2	8	0	0	6	4	7	3	1	0	6	3	0	9	9
4	9	141	7	3	0	0	7	3	6	4	1	0	7	4	0	11	11
4	9	141	3	7	0	0	6	4	7	3	0	1	4	7	11	0	11
4	9	141	6	4	0	0	7	3	6	4	1	0	7	4	0	11	11
4	9	141	4	6	0	0	6	4	7	3	0	1	4	7	11	0	11
4	9	141	5	1	0	0	7	3	6	4	1	0	7	4	0	11	11
4	9	141	1	5	0	0	6	4	7	3	0	1	4	7	11	0	11
4	10	147	3	7	0	0	7	3	6	4	0	1	3	6	9	0	9
4	10	147	7	3	0	0	6	4	7	3	1	0	6	3	0	9	9
4	10	148	8	2	0	0	6	4	7	3	0	1	4	7	11	0	11
4	10	149	2	8	0	0	7	3	6	4	1	0	7	4	0	11	11
4	10	151	1	5	0	0	7	3	6	4	1	0	7	4	0	11	11
4	10	151	5	1	0	0	6	4	7	3	0	1	4	7	11	0	11
4	10	153	6	4	0	0	6	4	7	3	1	0	6	3	0	9	9
4	10	153	4	6	0	0	7	3	6	4	0	1	3	6	9	0	9
4	11	160	2	6	0	0	6	4	7	3	0	1	4	7	11	0	11
4	11	160	6	2	0	0	7	3	6	4	1	0	7	4	0	11	11
4	11	161	1	7	0	0	6	4	7	3	0	0	4	3	4	3	7
4	11	161	7	1	0	0	7	3	6	4	0	0	3	4	3	4	7
4	11	163	8	4	0	0	7	3	6	4	0	0	3	4	3	4	7
4	11	163	4	8	0	0	6	4	7	3	0	0	4	3	4	3	7
4	11	170	3	5	0	0	6	4	7	3	0	0	4	3	4	3	7
4	11	170	5	3	0	0	7	3	6	4	0	0	3	4	3	4	7
4	12	174	6	1	0	0	6	4	7	3	0	0	4	3	4	3	7
4	12	174	1	6	0	0	7	3	6	4	0	0	3	4	3	4	7
4	12	176	8	3	0	0	6	4	7	3	0	0	4	3	4	3	7
4	12	176	3	8	0	0	7	3	6	4	0	0	3	4	3	4	7
4	12	177	2	5	0	0	7	3	6	4	1	1	7	6	6	7	13
4	12	177	5	2	0	0	6	4	7	3	1	1	6	7	7	6	13
4	12	181	7	4	0	0	6	4	7	3	0	0	4	3	4	3	7
4	12	181	4	7	0	0	7	3	6	4	0	0	3	4	3	4	7
4	13	186	8	2	0	0	7	3	6	4	0	1	3	6	9	0	9
4	13	187	2	8	0	0	6	4	7	3	1	0	6	3	0	9	9
4	13	187	7	3	0	0	7	3	6	4	0	0	3	4	3	4	7
4	13	187	3	7	0	0	6	4	7	3	0	0	4	3	4	3	7
4	13	187	5	1	0	0	7	3	6	4	1	0	7	4	0	11	11
4	13	187	1	5	0	0	6	4	7	3	0	1	4	7	11	0	11
4	13	192	6	4	0	0	7	3	6	4	0	1	3	6	9	0	9
4	13	192	4	6	0	0	6	4	7	3	1	0	6	3	0	9	9
4	14	198	1	7	0	0	7	3	6	4	1	0	7	4	0	11	11
4	14	198	7	1	0	0	6	4	7	3	0	1	4	7	11	0	11
4	14	199	3	5	0	0	7	3	6	4	0	0	3	4	3	4	7
4	14	199	5	3	0	0	6	4	7	3	0	0	4	3	4	3	7
4	14	199	8	4	0	0	6	4	7	3	0	0	4	3	4	3	7
4	14	199	4	8	0	0	7	3	6	4	0	0	3	4	3	4	7
4	14	202	2	6	0	0	7	3	6	4	0	1	3	6	9	0	9
4	14	202	6	2	0	0	6	4	7	3	1	0	6	3	0	9	9
4	15	206	8	3	0	0	7	3	6	4	0	0	3	4	3	4	7
4	15	206	3	8	0	0	6	4	7	3	0	0	4	3	4	3	7
4	15	208	2	5	0	0	6	4	7	3	1	0	6	3	0	9	9
4	15	208	5	2	0	0	7	3	6	4	0	1	3	6	9	0	9
4	15	210	6	1	0	0	7	3	6	4	1	0	7	4	0	11	11
4	15	210	1	6	0	0	6	4	7	3	0	1	4	7	11	0	11
4	15	214	4	7	0	0	6	4	7	3	0	0	4	3	4	3	7
4	15	215	7	4	0	0	7	3	6	4	0	0	3	4	3	4	7
4	16	402	5	3	3	2	6	4	7	3	1	1	6	7	6	7	13
4	16	402	3	5	2	3	7	3	6	4	1	1	7	6	7	6	13
4	16	404	7	1	3	5	6	4	7	3	1	1	6	7	9	4	13
4	16	404	1	7	5	3	7	3	6	4	1	1	7	6	4	9	13
4	16	409	8	4	4	2	6	4	7	3	0	1	4	7	7	4	11
4	16	409	4	8	2	4	7	3	6	4	1	0	7	4	4	7	11
4	16	409	6	2	4	1	6	4	7	3	0	1	4	7	7	4	11
4	16	409	2	6	1	4	7	3	6	4	1	0	7	4	4	7	11
4	17	430	5	1	3	4	7	3	6	4	1	0	7	4	4	7	11
4	17	430	1	5	4	3	6	4	7	3	0	1	4	7	7	4	11
4	17	433	8	2	5	3	7	3	6	4	0	1	3	6	4	5	9
4	17	433	2	8	3	5	6	4	7	3	1	0	6	3	5	4	9
4	17	436	3	7	3	3	6	4	7	3	1	1	6	7	7	6	13
4	17	436	7	3	3	3	7	3	6	4	1	1	7	6	6	7	13
4	17	447	6	4	4	2	7	3	6	4	0	0	3	4	3	4	7
4	17	447	4	6	2	4	6	4	7	3	0	0	4	3	4	3	7
4	18	471	2	7	4	3	7	3	6	4	1	1	7	6	5	8	13
4	18	471	7	2	3	4	6	4	7	3	1	1	6	7	8	5	13
4	18	476	6	3	5	2	6	4	7	3	0	1	4	7	6	5	11
4	18	477	3	6	2	5	7	3	6	4	1	0	7	4	5	6	11
4	18	477	1	8	5	4	7	3	6	4	1	0	7	4	4	7	11
4	18	477	8	1	4	5	6	4	7	3	0	1	4	7	7	4	11
4	18	493	5	4	4	5	6	4	7	3	1	0	6	3	5	4	9
4	18	494	4	5	5	4	7	3	6	4	0	1	3	6	4	5	9
4	19	516	5	2	6	3	7	3	6	4	1	1	7	6	3	10	13
4	19	516	2	5	3	6	6	4	7	3	1	1	6	7	10	3	13
4	19	520	6	1	4	4	7	3	6	4	1	0	7	4	4	7	11
4	19	520	1	6	4	4	6	4	7	3	0	1	4	7	7	4	11
4	19	521	8	3	5	3	7	3	6	4	0	1	3	6	4	5	9
4	19	521	3	8	3	5	6	4	7	3	1	0	6	3	5	4	9
4	19	528	4	7	2	3	6	4	7	3	0	1	4	7	9	2	11
4	19	528	7	4	3	2	7	3	6	4	1	0	7	4	2	9	11
4	20	543	1	5	4	4	7	3	6	4	1	1	7	6	6	7	13
4	20	543	5	1	4	4	6	4	7	3	1	1	6	7	7	6	13
4	20	549	8	2	4	3	6	4	7	3	0	1	4	7	7	4	11
4	20	549	2	8	3	4	7	3	6	4	1	0	7	4	4	7	11
4	20	555	7	3	3	2	6	4	7	3	1	1	6	7	6	7	13
4	20	555	3	7	2	3	7	3	6	4	1	1	7	6	7	6	13
4	20	576	6	4	5	2	6	4	7	3	0	1	4	7	6	5	11
4	20	577	4	6	2	5	7	3	6	4	1	0	7	4	5	6	11
4	21	592	5	3	6	3	7	3	6	4	1	1	7	6	3	10	13
4	21	592	3	5	3	6	6	4	7	3	1	1	6	7	10	3	13
4	21	594	2	6	4	5	6	4	7	3	1	1	6	7	8	5	13
4	21	594	6	2	5	4	7	3	6	4	1	1	7	6	5	8	13
4	21	605	1	7	4	2	6	4	7	3	0	1	4	7	7	4	11
4	21	605	7	1	2	4	7	3	6	4	1	0	7	4	4	7	11
4	21	645	8	4	5	3	7	3	6	4	0	1	3	6	4	5	9
4	21	645	4	8	3	5	6	4	7	3	1	0	6	3	5	4	9
4	22	665	7	3	4	2	6	4	7	3	0	1	4	7	7	4	11
4	22	665	3	7	2	4	7	3	6	4	1	0	7	4	4	7	11
4	22	670	8	2	4	3	6	4	7	3	0	0	4	3	4	3	7
4	22	670	2	8	3	4	7	3	6	4	0	0	3	4	3	4	7
4	22	671	5	1	9	4	6	4	7	3	1	1	6	7	2	11	13
4	22	672	1	5	4	9	7	3	6	4	1	1	7	6	11	2	13
4	22	677	6	4	4	3	6	4	7	3	0	0	4	3	4	3	7
4	22	677	4	6	3	4	7	3	6	4	0	0	3	4	3	4	7
4	23	696	8	3	5	3	7	3	6	4	0	1	3	6	4	5	9
4	23	696	3	8	3	5	6	4	7	3	1	0	6	3	5	4	9
4	23	697	5	2	10	4	7	3	6	4	1	1	7	6	0	13	13
4	23	698	2	5	4	10	6	4	7	3	1	1	6	7	13	0	13
4	23	704	6	1	5	4	7	3	6	4	1	1	7	6	5	8	13
4	23	704	1	6	4	5	6	4	7	3	1	1	6	7	8	5	13
4	23	708	4	7	4	3	6	4	7	3	0	0	4	3	4	3	7
4	23	708	7	4	3	4	7	3	6	4	0	0	3	4	3	4	7
4	24	722	7	3	3	2	6	4	7	3	1	1	6	7	6	7	13
4	24	722	3	7	2	3	7	3	6	4	1	1	7	6	7	6	13
4	24	724	5	1	10	4	6	4	7	3	0	1	4	7	1	10	11
4	24	724	1	5	4	10	7	3	6	4	1	0	7	4	10	1	11
4	24	750	6	4	4	3	6	4	7	3	0	0	4	3	4	3	7
4	24	750	4	6	3	4	7	3	6	4	0	0	3	4	3	4	7
4	24	753	8	2	3	3	6	4	7	3	0	0	4	3	4	3	7
4	24	753	2	8	3	3	7	3	6	4	0	0	3	4	3	4	7
4	25	768	7	3	2	3	7	3	6	4	1	1	7	6	7	6	13
4	25	768	3	7	3	2	6	4	7	3	1	1	6	7	6	7	13
4	25	768	2	8	4	4	6	4	7	3	1	1	6	7	7	6	13
4	25	768	8	2	4	4	7	3	6	4	1	1	7	6	6	7	13
4	25	769	5	1	10	4	7	3	6	4	1	1	7	6	0	13	13
4	25	769	1	5	4	10	6	4	7	3	1	1	6	7	13	0	13
4	25	794	6	4	5	4	7	3	6	4	1	1	7	6	5	8	13
4	25	794	4	6	4	5	6	4	7	3	1	1	6	7	8	5	13
4	26	814	3	8	2	4	7	3	6	4	1	0	7	4	4	7	11
4	26	814	8	3	4	2	6	4	7	3	0	1	4	7	7	4	11
4	26	816	6	1	5	4	6	4	7	3	0	1	4	7	6	5	11
4	26	816	1	6	4	5	7	3	6	4	1	0	7	4	5	6	11
4	26	818	7	4	2	2	6	4	7	3	1	0	6	3	2	7	9
4	26	818	4	7	2	2	7	3	6	4	0	1	3	6	7	2	9
4	26	818	5	2	10	3	6	4	7	3	0	1	4	7	1	10	11
4	26	818	2	5	3	10	7	3	6	4	1	0	7	4	10	1	11
4	27	836	7	3	2	2	7	3	6	4	1	1	7	6	6	7	13
4	27	836	3	7	2	2	6	4	7	3	1	1	6	7	7	6	13
4	27	842	5	1	7	3	7	3	6	4	1	1	7	6	2	11	13
4	27	842	1	5	3	7	6	4	7	3	1	1	6	7	11	2	13
4	27	843	2	8	4	4	6	4	7	3	1	1	6	7	7	6	13
4	27	843	8	2	4	4	7	3	6	4	1	1	7	6	6	7	13
4	27	869	6	4	5	4	7	3	6	4	1	1	7	6	5	8	13
4	27	869	4	6	4	5	6	4	7	3	1	1	6	7	8	5	13
4	28	883	5	1	10	4	6	4	7	3	1	1	6	7	1	12	13
4	28	883	1	5	4	10	7	3	6	4	1	1	7	6	12	1	13
4	28	890	3	7	2	3	7	3	6	4	1	1	7	6	7	6	13
4	28	890	7	3	3	2	6	4	7	3	1	1	6	7	6	7	13
4	28	893	8	2	4	3	6	4	7	3	0	0	4	3	4	3	7
4	28	893	2	8	3	4	7	3	6	4	0	0	3	4	3	4	7
4	28	915	6	4	4	2	6	4	7	3	0	1	4	7	7	4	11
4	28	915	4	6	2	4	7	3	6	4	1	0	7	4	4	7	11
4	29	930	5	3	7	2	7	3	6	4	1	1	7	6	1	12	13
4	29	930	3	5	2	7	6	4	7	3	1	1	6	7	12	1	13
4	29	933	7	1	2	3	7	3	6	4	0	0	3	4	3	4	7
4	29	934	1	7	3	2	6	4	7	3	0	0	4	3	4	3	7
4	29	936	2	6	4	5	6	4	7	3	1	1	6	7	8	5	13
4	29	936	6	2	5	4	7	3	6	4	1	1	7	6	5	8	13
4	29	955	8	4	4	4	7	3	6	4	1	0	7	4	4	7	11
4	29	955	4	8	4	4	6	4	7	3	0	1	4	7	7	4	11
4	30	967	5	1	7	4	6	4	7	3	1	1	6	7	4	9	13
4	30	968	1	5	4	7	7	3	6	4	1	1	7	6	9	4	13
4	30	972	7	3	2	2	6	4	7	3	1	1	6	7	7	6	13
4	30	972	3	7	2	2	7	3	6	4	1	1	7	6	6	7	13
4	30	973	8	2	4	4	6	4	7	3	0	1	4	7	7	4	11
4	30	973	2	8	4	4	7	3	6	4	1	0	7	4	4	7	11
4	30	1007	6	4	4	2	6	4	7	3	0	1	4	7	7	4	11
4	30	1007	4	6	2	4	7	3	6	4	1	0	7	4	4	7	11
4	31	1019	5	3	3	2	7	3	6	4	1	1	7	6	5	8	13
4	31	1019	3	5	2	3	6	4	7	3	1	1	6	7	8	5	13
4	31	1025	2	6	4	4	6	4	7	3	1	1	6	7	7	6	13
4	31	1025	6	2	4	4	7	3	6	4	1	1	7	6	6	7	13
4	31	1025	7	1	3	4	7	3	6	4	1	0	7	4	4	7	11
4	31	1025	1	7	4	3	6	4	7	3	0	1	4	7	7	4	11
4	31	1055	8	4	4	3	7	3	6	4	0	0	3	4	3	4	7
4	31	1055	4	8	3	4	6	4	7	3	0	0	4	3	4	3	7
4	32	1069	6	3	4	2	6	4	7	3	0	1	4	7	7	4	11
4	32	1069	3	6	2	4	7	3	6	4	1	0	7	4	4	7	11
4	32	1072	1	8	4	4	7	3	6	4	1	0	7	4	4	7	11
4	32	1072	8	1	4	4	6	4	7	3	0	1	4	7	7	4	11
4	32	1073	7	2	4	4	6	4	7	3	1	1	6	7	7	6	13
4	32	1073	2	7	4	4	7	3	6	4	1	1	7	6	6	7	13
4	32	1113	5	4	4	4	6	4	7	3	0	1	4	7	7	4	11
4	32	1113	4	5	4	4	7	3	6	4	1	0	7	4	4	7	11
4	33	1127	5	2	4	4	7	3	6	4	0	1	3	6	5	4	9
4	33	1127	2	5	4	4	6	4	7	3	1	0	6	3	4	5	9
4	33	1128	6	1	5	4	7	3	6	4	1	1	7	6	5	8	13
4	33	1128	1	6	4	5	6	4	7	3	1	1	6	7	8	5	13
4	33	1138	3	8	2	5	6	4	7	3	1	0	6	3	5	4	9
4	33	1138	8	3	5	2	7	3	6	4	0	1	3	6	4	5	9
4	33	1143	4	7	4	4	6	4	7	3	0	1	4	7	7	4	11
4	33	1143	7	4	4	4	7	3	6	4	1	0	7	4	4	7	11
4	34	1156	8	2	4	4	6	4	7	3	0	1	4	7	7	4	11
4	34	1156	2	8	4	4	7	3	6	4	1	0	7	4	4	7	11
4	34	1159	5	1	4	5	6	4	7	3	1	1	6	7	8	5	13
4	34	1159	1	5	5	4	7	3	6	4	1	1	7	6	5	8	13
4	34	1165	3	7	2	4	7	3	6	4	1	0	7	4	4	7	11
4	34	1165	7	3	4	2	6	4	7	3	0	1	4	7	7	4	11
4	34	1204	6	4	4	4	6	4	7	3	0	1	4	7	7	4	11
4	34	1204	4	6	4	4	7	3	6	4	1	0	7	4	4	7	11
4	35	1217	3	6	2	4	6	4	7	3	1	0	6	3	4	5	9
4	35	1217	6	3	4	2	7	3	6	4	0	1	3	6	5	4	9
4	35	1219	2	7	4	4	6	4	7	3	0	1	4	7	7	4	11
4	35	1219	7	2	4	4	7	3	6	4	1	0	7	4	4	7	11
4	35	1221	5	4	5	4	7	3	6	4	1	1	7	6	5	8	13
4	35	1222	4	5	4	5	6	4	7	3	1	1	6	7	8	5	13
4	35	1229	8	1	3	4	7	3	6	4	1	0	7	4	4	7	11
4	35	1229	1	8	4	3	6	4	7	3	0	1	4	7	7	4	11
4	36	1241	3	7	2	4	7	3	6	4	1	1	7	6	8	5	13
4	36	1241	7	3	4	2	6	4	7	3	1	1	6	7	5	8	13
4	36	1241	8	2	4	4	6	4	7	3	0	0	4	3	4	3	7
4	36	1241	2	8	4	4	7	3	6	4	0	0	3	4	3	4	7
4	36	1245	5	1	5	4	6	4	7	3	0	1	4	7	6	5	11
4	36	1245	1	5	4	5	7	3	6	4	1	0	7	4	5	6	11
4	36	1266	6	4	3	5	6	4	7	3	1	0	6	3	5	4	9
4	36	1266	4	6	5	3	7	3	6	4	0	1	3	6	4	5	9
4	37	1277	5	1	3	4	7	3	6	4	1	0	7	4	4	7	11
4	37	1277	1	5	4	3	6	4	7	3	0	1	4	7	7	4	11
4	37	1284	3	7	2	4	6	4	7	3	1	0	6	3	4	5	9
4	37	1284	7	3	4	2	7	3	6	4	0	1	3	6	5	4	9
4	37	1287	2	8	4	4	6	4	7	3	0	1	4	7	7	4	11
4	37	1288	8	2	4	4	7	3	6	4	1	0	7	4	4	7	11
4	37	1288	6	4	4	4	7	3	6	4	1	0	7	4	4	7	11
4	37	1288	4	6	4	4	6	4	7	3	0	1	4	7	7	4	11
4	38	1300	7	3	2	2	6	4	7	3	1	1	6	7	7	6	13
4	38	1300	3	7	2	2	7	3	6	4	1	1	7	6	6	7	13
4	38	1302	8	2	4	4	6	4	7	3	0	0	4	3	4	3	7
4	38	1303	2	8	4	4	7	3	6	4	0	0	3	4	3	4	7
4	38	1304	5	1	5	5	6	4	7	3	0	1	4	7	6	5	11
4	38	1304	1	5	5	5	7	3	6	4	1	0	7	4	5	6	11
4	38	1322	6	4	4	4	6	4	7	3	1	1	6	7	7	6	13
4	38	1322	4	6	4	4	7	3	6	4	1	1	7	6	6	7	13
4	39	1333	2	8	4	4	6	4	7	3	0	1	4	7	7	4	11
4	39	1333	8	2	4	4	7	3	6	4	1	0	7	4	4	7	11
4	39	1334	5	1	6	4	7	3	6	4	1	1	7	6	4	9	13
4	39	1335	1	5	4	6	6	4	7	3	1	1	6	7	9	4	13
4	39	1335	7	3	2	3	7	3	6	4	1	1	7	6	7	6	13
4	39	1335	3	7	3	2	6	4	7	3	1	1	6	7	6	7	13
4	39	1350	6	4	4	4	7	3	6	4	1	0	7	4	4	7	11
4	39	1350	4	6	4	4	6	4	7	3	0	1	4	7	7	4	11
4	40	1362	6	3	4	2	6	4	7	3	0	1	4	7	7	4	11
4	40	1363	3	6	2	4	7	3	6	4	1	0	7	4	4	7	11
4	40	1366	8	1	4	5	6	4	7	3	1	1	6	7	8	5	13
4	40	1366	1	8	5	4	7	3	6	4	1	1	7	6	5	8	13
4	40	1380	2	7	4	2	7	3	6	4	0	1	3	6	5	4	9
4	40	1380	7	2	2	4	6	4	7	3	1	0	6	3	4	5	9
4	40	1384	5	4	5	4	6	4	7	3	0	1	4	7	6	5	11
4	40	1384	4	5	4	5	7	3	6	4	1	0	7	4	5	6	11
5	1	23	1	6	0	0	6	4	7	3	0	1	4	7	11	0	11
5	1	26	6	1	0	0	7	3	6	4	1	0	7	4	0	11	11
5	1	30	4	7	0	0	6	4	7	3	0	0	4	3	4	3	7
5	1	35	7	4	0	0	7	3	6	4	0	0	3	4	3	4	7
5	1	38	5	2	0	0	7	3	6	4	1	1	7	6	6	7	13
5	1	41	3	8	0	0	6	4	7	3	1	0	6	3	0	9	9
5	1	41	2	5	0	0	6	4	7	3	1	1	6	7	7	6	13
5	1	43	8	3	0	0	7	3	6	4	0	1	3	6	9	0	9
5	2	59	8	3	0	0	6	4	7	3	1	0	6	3	0	9	9
5	2	61	1	6	0	0	7	3	6	4	1	1	7	6	6	7	13
5	2	62	3	8	0	0	7	3	6	4	0	1	3	6	9	0	9
5	2	63	5	2	0	0	6	4	7	3	0	0	4	3	4	3	7
5	2	65	2	5	0	0	7	3	6	4	0	0	3	4	3	4	7
5	2	68	6	1	0	0	6	4	7	3	1	1	6	7	7	6	13
5	2	69	4	7	0	0	7	3	6	4	1	0	7	4	0	11	11
5	2	71	7	4	0	0	6	4	7	3	0	1	4	7	11	0	11
5	3	85	4	7	0	0	6	4	7	3	1	0	6	3	0	9	9
5	3	88	5	2	0	0	7	3	6	4	1	0	7	4	0	11	11
5	3	88	2	5	0	0	6	4	7	3	0	1	4	7	11	0	11
5	3	88	8	3	0	0	7	3	6	4	0	1	3	6	9	0	9
5	3	89	3	8	0	0	6	4	7	3	1	0	6	3	0	9	9
5	3	92	7	4	0	0	7	3	6	4	0	1	3	6	9	0	9
5	3	93	6	1	0	0	7	3	6	4	1	1	7	6	6	7	13
5	3	94	1	6	0	0	6	4	7	3	1	1	6	7	7	6	13
5	4	108	8	3	0	0	6	4	7	3	0	0	4	3	4	3	7
5	4	109	5	2	0	0	6	4	7	3	0	0	4	3	4	3	7
5	4	109	3	8	0	0	7	3	6	4	0	0	3	4	3	4	7
5	4	110	2	5	0	0	7	3	6	4	0	0	3	4	3	4	7
5	4	110	6	1	0	0	6	4	7	3	1	1	6	7	7	6	13
5	4	110	7	4	0	0	6	4	7	3	0	1	4	7	11	0	11
5	4	110	4	7	0	0	7	3	6	4	1	0	7	4	0	11	11
5	4	112	1	6	0	0	7	3	6	4	1	1	7	6	6	7	13
5	5	121	6	1	0	0	7	3	6	4	1	1	7	6	6	7	13
5	5	123	1	6	0	0	6	4	7	3	1	1	6	7	7	6	13
5	5	123	5	2	0	0	7	3	6	4	0	1	3	6	9	0	9
5	5	125	2	5	0	0	6	4	7	3	1	0	6	3	0	9	9
5	5	126	8	3	0	0	7	3	6	4	1	0	7	4	0	11	11
5	5	130	7	4	0	0	7	3	6	4	0	0	3	4	3	4	7
5	5	131	3	8	0	0	6	4	7	3	0	1	4	7	11	0	11
5	5	131	4	7	0	0	6	4	7	3	0	0	4	3	4	3	7
5	6	137	8	2	0	0	6	4	7	3	0	1	4	7	11	0	11
5	6	139	2	8	0	0	7	3	6	4	1	0	7	4	0	11	11
5	6	141	6	4	0	0	6	4	7	3	1	0	6	3	0	9	9
5	6	142	4	6	0	0	7	3	6	4	0	1	3	6	9	0	9
5	6	146	3	7	0	0	7	3	6	4	0	1	3	6	9	0	9
5	6	147	7	3	0	0	6	4	7	3	1	0	6	3	0	9	9
5	6	149	5	1	0	0	6	4	7	3	0	1	4	7	11	0	11
5	6	149	1	5	0	0	7	3	6	4	1	0	7	4	0	11	11
5	7	161	2	8	0	0	6	4	7	3	0	0	4	3	4	3	7
5	7	161	4	6	0	0	6	4	7	3	0	1	4	7	11	0	11
5	7	162	8	2	0	0	7	3	6	4	0	0	3	4	3	4	7
5	7	162	6	4	0	0	7	3	6	4	1	0	7	4	0	11	11
5	7	164	3	7	0	0	6	4	7	3	0	1	4	7	11	0	11
5	7	165	5	1	0	0	7	3	6	4	1	0	7	4	0	11	11
5	7	166	1	5	0	0	6	4	7	3	0	1	4	7	11	0	11
5	7	174	7	3	0	0	7	3	6	4	1	0	7	4	0	11	11
5	8	182	7	4	0	0	6	4	7	3	1	0	6	3	0	9	9
5	8	183	4	7	0	0	7	3	6	4	0	1	3	6	9	0	9
5	8	186	8	3	0	0	6	4	7	3	1	1	6	7	7	6	13
5	8	186	6	1	0	0	6	4	7	3	0	1	4	7	11	0	11
5	8	188	3	8	0	0	7	3	6	4	1	1	7	6	6	7	13
5	8	189	2	5	0	0	7	3	6	4	0	0	3	4	3	4	7
5	8	190	1	6	0	0	7	3	6	4	1	0	7	4	0	11	11
5	8	192	5	2	0	0	6	4	7	3	0	0	4	3	4	3	7
5	9	198	6	2	0	0	7	3	6	4	1	0	7	4	0	11	11
5	9	202	2	6	0	0	6	4	7	3	0	1	4	7	11	0	11
5	9	203	7	1	0	0	7	3	6	4	0	0	3	4	3	4	7
5	9	205	1	7	0	0	6	4	7	3	0	0	4	3	4	3	7
5	9	212	3	5	0	0	6	4	7	3	0	1	4	7	11	0	11
5	9	212	8	4	0	0	7	3	6	4	1	0	7	4	0	11	11
5	9	212	4	8	0	0	6	4	7	3	0	1	4	7	11	0	11
5	9	218	5	3	0	0	7	3	6	4	1	0	7	4	0	11	11
5	10	227	8	2	0	0	6	4	7	3	0	0	4	3	4	3	7
5	10	227	3	7	0	0	7	3	6	4	1	0	7	4	0	11	11
5	10	228	2	8	0	0	7	3	6	4	0	0	3	4	3	4	7
5	10	228	4	6	0	0	7	3	6	4	0	0	3	4	3	4	7
5	10	229	7	3	0	0	6	4	7	3	0	1	4	7	11	0	11
5	10	231	6	4	0	0	6	4	7	3	0	0	4	3	4	3	7
5	10	233	1	5	0	0	7	3	6	4	1	0	7	4	0	11	11
5	10	236	5	1	0	0	6	4	7	3	0	1	4	7	11	0	11
5	11	241	6	2	0	0	7	3	6	4	1	0	7	4	0	11	11
5	11	246	2	6	0	0	6	4	7	3	0	1	4	7	11	0	11
5	11	246	7	1	0	0	7	3	6	4	1	0	7	4	0	11	11
5	11	246	4	8	0	0	6	4	7	3	0	0	4	3	4	3	7
5	11	247	8	4	0	0	7	3	6	4	0	0	3	4	3	4	7
5	11	247	1	7	0	0	6	4	7	3	0	1	4	7	11	0	11
5	11	249	3	5	0	0	6	4	7	3	0	0	4	3	4	3	7
5	11	256	5	3	0	0	7	3	6	4	0	0	3	4	3	4	7
5	12	265	6	4	0	0	6	4	7	3	0	0	4	3	4	3	7
5	12	265	3	7	0	0	7	3	6	4	0	0	3	4	3	4	7
5	12	265	2	8	0	0	7	3	6	4	0	1	3	6	9	0	9
5	12	265	7	3	0	0	6	4	7	3	0	0	4	3	4	3	7
5	12	267	8	2	0	0	6	4	7	3	1	0	6	3	0	9	9
5	12	270	1	5	0	0	7	3	6	4	1	1	7	6	6	7	13
5	12	272	5	1	0	0	6	4	7	3	1	1	6	7	7	6	13
5	12	274	4	6	0	0	7	3	6	4	0	0	3	4	3	4	7
5	13	280	6	2	0	0	7	3	6	4	1	0	7	4	0	11	11
5	13	282	2	6	0	0	6	4	7	3	0	1	4	7	11	0	11
5	13	282	8	4	0	0	7	3	6	4	0	0	3	4	3	4	7
5	13	285	3	5	0	0	6	4	7	3	0	1	4	7	11	0	11
5	13	285	5	3	0	0	7	3	6	4	1	0	7	4	0	11	11
5	13	286	4	8	0	0	6	4	7	3	0	0	4	3	4	3	7
5	13	300	1	7	0	0	6	4	7	3	1	1	6	7	7	6	13
5	13	300	7	1	0	0	7	3	6	4	1	1	7	6	6	7	13
5	14	306	5	2	0	0	6	4	7	3	0	0	4	3	4	3	7
5	14	308	2	5	0	0	7	3	6	4	0	0	3	4	3	4	7
5	14	308	7	4	0	0	6	4	7	3	1	1	6	7	7	6	13
5	14	309	4	7	0	0	7	3	6	4	1	1	7	6	6	7	13
5	14	312	8	3	0	0	6	4	7	3	0	0	4	3	4	3	7
5	14	312	3	8	0	0	7	3	6	4	0	0	3	4	3	4	7
5	14	315	6	1	0	0	6	4	7	3	0	1	4	7	11	0	11
5	14	321	1	6	0	0	7	3	6	4	1	0	7	4	0	11	11
5	15	328	8	3	0	0	7	3	6	4	1	0	7	4	0	11	11
5	15	329	3	8	0	0	6	4	7	3	0	1	4	7	11	0	11
5	15	329	4	7	0	0	6	4	7	3	1	1	6	7	7	6	13
5	15	330	6	1	0	0	7	3	6	4	1	0	7	4	0	11	11
5	15	331	7	4	0	0	7	3	6	4	1	1	7	6	6	7	13
5	15	332	1	6	0	0	6	4	7	3	0	1	4	7	11	0	11
5	15	341	2	5	0	0	6	4	7	3	0	1	4	7	11	0	11
5	15	349	5	2	0	0	7	3	6	4	1	0	7	4	0	11	11
5	16	667	2	5	1	2	7	3	6	4	0	0	3	4	3	4	7
5	16	669	6	1	0	1	6	4	7	3	0	0	4	3	4	3	7
5	16	670	1	6	1	0	7	3	6	4	0	0	3	4	3	4	7
5	16	670	5	2	2	1	6	4	7	3	0	0	4	3	4	3	7
5	16	679	4	7	5	1	7	3	6	4	0	1	3	6	4	5	9
5	16	682	7	4	1	5	6	4	7	3	1	0	6	3	5	4	9
5	16	702	8	3	0	4	6	4	7	3	0	0	4	3	4	3	7
5	16	704	3	8	4	0	7	3	6	4	0	0	3	4	3	4	7
5	17	735	6	4	3	4	7	3	6	4	1	0	7	4	4	7	11
5	17	737	4	6	4	3	6	4	7	3	0	1	4	7	7	4	11
5	17	747	2	8	2	2	6	4	7	3	0	1	4	7	9	2	11
5	17	749	8	2	2	2	7	3	6	4	1	0	7	4	2	9	11
5	17	769	5	1	1	2	7	3	6	4	0	0	3	4	3	4	7
5	17	772	7	3	3	4	7	3	6	4	1	0	7	4	4	7	11
5	17	775	1	5	2	1	6	4	7	3	0	0	4	3	4	3	7
5	17	783	3	7	4	3	6	4	7	3	0	1	4	7	7	4	11
5	18	813	8	4	3	4	6	4	7	3	1	0	6	3	4	5	9
5	18	815	4	8	4	3	7	3	6	4	0	1	3	6	5	4	9
5	18	824	1	7	1	4	7	3	6	4	1	0	7	4	4	7	11
5	18	825	7	1	4	1	6	4	7	3	0	1	4	7	7	4	11
5	18	827	6	2	3	2	6	4	7	3	1	0	6	3	2	7	9
5	18	832	2	6	2	3	7	3	6	4	0	1	3	6	7	2	9
5	18	853	3	5	4	2	7	3	6	4	0	1	3	6	5	4	9
5	18	855	5	3	2	4	6	4	7	3	1	0	6	3	4	5	9
5	19	879	6	4	2	3	7	3	6	4	1	0	7	4	3	8	11
5	19	884	4	6	3	2	6	4	7	3	0	1	4	7	8	3	11
5	19	895	2	8	5	4	6	4	7	3	0	1	4	7	6	5	11
5	19	895	8	2	4	5	7	3	6	4	1	0	7	4	5	6	11
5	19	899	3	7	4	3	6	4	7	3	0	1	4	7	7	4	11
5	19	902	7	3	3	4	7	3	6	4	1	0	7	4	4	7	11
5	19	910	5	1	3	4	7	3	6	4	1	1	7	6	7	6	13
5	19	912	1	5	4	3	6	4	7	3	1	1	6	7	6	7	13
5	20	936	7	4	4	4	6	4	7	3	1	0	6	3	4	5	9
5	20	948	1	6	2	1	7	3	6	4	0	0	3	4	3	4	7
5	20	948	6	1	1	2	6	4	7	3	0	0	4	3	4	3	7
5	20	950	2	5	2	4	7	3	6	4	0	0	3	4	3	4	7
5	20	950	4	7	4	4	7	3	6	4	0	1	3	6	5	4	9
5	20	950	8	3	3	4	6	4	7	3	0	1	4	7	8	3	11
5	20	954	3	8	4	3	7	3	6	4	1	0	7	4	3	8	11
5	20	956	5	2	4	2	6	4	7	3	0	0	4	3	4	3	7
5	21	980	4	5	3	3	6	4	7	3	0	1	4	7	8	3	11
5	21	981	2	7	4	3	6	4	7	3	0	0	4	3	4	3	7
5	21	982	7	2	3	4	7	3	6	4	0	0	3	4	3	4	7
5	21	986	8	1	3	3	7	3	6	4	1	1	7	6	6	7	13
5	21	987	1	8	3	3	6	4	7	3	1	1	6	7	7	6	13
5	21	990	5	4	3	3	7	3	6	4	1	0	7	4	3	8	11
5	21	993	3	6	4	5	6	4	7	3	1	1	6	7	8	5	13
5	21	996	6	3	5	4	7	3	6	4	1	1	7	6	5	8	13
5	22	1019	7	1	4	2	6	4	7	3	0	1	4	7	7	4	11
5	22	1019	6	2	5	2	6	4	7	3	1	0	6	3	2	7	9
5	22	1023	2	6	2	5	7	3	6	4	0	1	3	6	7	2	9
5	22	1026	1	7	2	4	7	3	6	4	1	0	7	4	4	7	11
5	22	1030	3	5	4	4	7	3	6	4	1	1	7	6	6	7	13
5	22	1032	5	3	4	4	6	4	7	3	1	1	6	7	7	6	13
5	22	1067	4	8	4	7	7	3	6	4	1	0	7	4	7	4	11
5	22	1072	8	4	7	4	6	4	7	3	0	1	4	7	4	7	11
5	23	1102	8	2	3	5	7	3	6	4	0	1	3	6	6	3	9
5	23	1104	2	8	5	3	6	4	7	3	1	0	6	3	3	6	9
5	23	1108	3	7	4	4	6	4	7	3	1	1	6	7	7	6	13
5	23	1110	1	5	4	3	6	4	7	3	0	1	4	7	7	4	11
5	23	1110	7	3	4	4	7	3	6	4	1	1	7	6	6	7	13
5	23	1111	5	1	3	4	7	3	6	4	1	0	7	4	4	7	11
5	23	1114	4	6	3	5	6	4	7	3	0	0	4	3	4	3	7
5	23	1115	6	4	5	3	7	3	6	4	0	0	3	4	3	4	7
5	24	1139	6	1	0	3	6	4	7	3	0	0	4	3	4	3	7
5	24	1141	1	6	3	0	7	3	6	4	0	0	3	4	3	4	7
5	24	1147	7	4	4	4	6	4	7	3	1	0	6	3	4	5	9
5	24	1150	2	5	3	0	7	3	6	4	0	0	3	4	3	4	7
5	24	1150	5	2	0	3	6	4	7	3	0	0	4	3	4	3	7
5	24	1154	8	3	0	3	6	4	7	3	0	0	4	3	4	3	7
5	24	1154	4	7	4	4	7	3	6	4	0	1	3	6	5	4	9
5	24	1155	3	8	3	0	7	3	6	4	0	0	3	4	3	4	7
5	25	1181	7	4	4	3	7	3	6	4	1	0	7	4	3	8	11
5	25	1183	4	7	3	4	6	4	7	3	0	1	4	7	8	3	11
5	25	1184	8	3	0	4	7	3	6	4	1	0	7	4	4	7	11
5	25	1187	3	8	4	0	6	4	7	3	0	1	4	7	7	4	11
5	25	1189	5	2	2	3	7	3	6	4	1	0	7	4	3	8	11
5	25	1190	2	5	3	2	6	4	7	3	0	1	4	7	8	3	11
5	25	1200	1	6	3	5	6	4	7	3	1	1	6	7	9	4	13
5	25	1201	6	1	5	3	7	3	6	4	1	1	7	6	4	9	13
5	26	1228	3	7	3	4	7	3	6	4	1	0	7	4	4	7	11
5	26	1229	7	3	4	3	6	4	7	3	0	1	4	7	7	4	11
5	26	1231	6	4	0	4	6	4	7	3	0	0	4	3	4	3	7
5	26	1235	5	1	3	4	6	4	7	3	1	0	6	3	4	5	9
5	26	1235	4	6	4	0	7	3	6	4	0	0	3	4	3	4	7
5	26	1237	1	5	4	3	7	3	6	4	0	1	3	6	5	4	9
5	26	1240	2	8	5	1	7	3	6	4	0	0	3	4	3	4	7
5	26	1243	8	2	1	5	6	4	7	3	0	0	4	3	4	3	7
5	27	1264	2	8	3	1	6	4	7	3	0	1	4	7	8	3	11
5	27	1266	8	2	1	3	7	3	6	4	1	0	7	4	3	8	11
5	27	1269	6	4	4	3	7	3	6	4	1	0	7	4	3	8	11
5	27	1270	4	6	3	4	6	4	7	3	0	1	4	7	8	3	11
5	27	1271	3	7	4	5	6	4	7	3	1	1	6	7	8	5	13
5	27	1272	7	3	5	4	7	3	6	4	1	1	7	6	5	8	13
5	27	1277	1	5	3	3	6	4	7	3	0	0	4	3	4	3	7
5	27	1278	5	1	3	3	7	3	6	4	0	0	3	4	3	4	7
5	28	1302	2	8	3	3	7	3	6	4	1	0	7	4	3	8	11
5	28	1302	4	6	4	4	7	3	6	4	0	1	3	6	5	4	9
5	28	1304	6	4	4	4	6	4	7	3	1	0	6	3	4	5	9
5	28	1308	8	2	3	3	6	4	7	3	0	1	4	7	8	3	11
5	28	1313	5	1	3	4	6	4	7	3	1	0	6	3	4	5	9
5	28	1314	3	7	4	4	7	3	6	4	1	1	7	6	6	7	13
5	28	1316	7	3	4	4	6	4	7	3	1	1	6	7	7	6	13
5	28	1317	1	5	4	3	7	3	6	4	0	1	3	6	5	4	9
5	29	1332	4	7	3	4	6	4	7	3	0	1	4	7	8	3	11
5	29	1333	7	4	4	3	7	3	6	4	1	0	7	4	3	8	11
5	29	1339	3	8	4	5	6	4	7	3	1	0	6	3	5	4	9
5	29	1345	2	5	2	3	6	4	7	3	0	1	4	7	9	2	11
5	29	1347	5	2	3	2	7	3	6	4	1	0	7	4	2	9	11
5	29	1352	8	3	5	4	7	3	6	4	0	1	3	6	4	5	9
5	29	1356	6	1	4	4	7	3	6	4	1	1	7	6	6	7	13
5	29	1358	1	6	4	4	6	4	7	3	1	1	6	7	7	6	13
5	30	1378	4	7	4	4	7	3	6	4	0	1	3	6	5	4	9
5	30	1379	7	4	4	4	6	4	7	3	1	0	6	3	4	5	9
5	30	1386	8	3	0	4	6	4	7	3	0	0	4	3	4	3	7
5	30	1390	3	8	4	0	7	3	6	4	0	0	3	4	3	4	7
5	30	1397	6	1	4	3	6	4	7	3	0	1	4	7	7	4	11
5	30	1397	5	2	4	1	6	4	7	3	0	1	4	7	7	4	11
5	30	1399	1	6	3	4	7	3	6	4	1	0	7	4	4	7	11
5	30	1401	2	5	1	4	7	3	6	4	1	0	7	4	4	7	11
5	31	1418	7	4	4	4	7	3	6	4	1	1	7	6	6	7	13
5	31	1422	4	7	4	4	6	4	7	3	1	1	6	7	7	6	13
5	31	1430	6	1	0	4	7	3	6	4	1	0	7	4	4	7	11
5	31	1430	3	8	4	0	6	4	7	3	0	0	4	3	4	3	7
5	31	1432	8	3	0	4	7	3	6	4	0	0	3	4	3	4	7
5	31	1435	1	6	4	0	6	4	7	3	0	1	4	7	7	4	11
5	31	1438	5	2	4	2	7	3	6	4	0	1	3	6	5	4	9
5	31	1439	2	5	2	4	6	4	7	3	1	0	6	3	4	5	9
5	32	1462	2	8	4	1	7	3	6	4	0	1	3	6	5	4	9
5	32	1466	6	4	6	4	6	4	7	3	1	1	6	7	5	8	13
5	32	1466	8	2	1	4	6	4	7	3	1	0	6	3	4	5	9
5	32	1468	4	6	4	6	7	3	6	4	1	1	7	6	8	5	13
5	32	1472	5	1	5	3	6	4	7	3	0	1	4	7	6	5	11
5	32	1473	7	3	4	4	6	4	7	3	1	1	6	7	7	6	13
5	32	1476	3	7	4	4	7	3	6	4	1	1	7	6	6	7	13
5	32	1479	1	5	3	5	7	3	6	4	1	0	7	4	5	6	11
5	33	1496	4	7	4	4	6	4	7	3	1	1	6	7	7	6	13
5	33	1496	7	4	4	4	7	3	6	4	1	1	7	6	6	7	13
5	33	1504	3	8	4	4	6	4	7	3	1	0	6	3	4	5	9
5	33	1505	8	3	4	4	7	3	6	4	0	1	3	6	5	4	9
5	33	1506	6	1	5	4	7	3	6	4	1	1	7	6	5	8	13
5	33	1509	5	2	4	4	7	3	6	4	1	1	7	6	6	7	13
5	33	1509	1	6	4	5	6	4	7	3	1	1	6	7	8	5	13
5	33	1511	2	5	4	4	6	4	7	3	1	1	6	7	7	6	13
5	34	1531	3	6	4	4	7	3	6	4	1	1	7	6	6	7	13
5	34	1532	6	3	4	4	6	4	7	3	1	1	6	7	7	6	13
5	34	1538	7	2	4	1	6	4	7	3	0	1	4	7	7	4	11
5	34	1539	2	7	1	4	7	3	6	4	1	0	7	4	4	7	11
5	34	1540	8	1	2	3	6	4	7	3	1	0	6	3	3	6	9
5	34	1541	4	5	3	4	7	3	6	4	0	0	3	4	3	4	7
5	34	1543	5	4	4	3	6	4	7	3	0	0	4	3	4	3	7
5	34	1545	1	8	3	2	7	3	6	4	0	1	3	6	6	3	9
5	35	1565	6	4	5	3	7	3	6	4	1	1	7	6	4	9	13
5	35	1570	3	7	5	4	6	4	7	3	1	1	6	7	6	7	13
5	35	1571	7	3	4	5	7	3	6	4	1	1	7	6	7	6	13
5	35	1575	2	8	2	2	6	4	7	3	1	0	6	3	2	7	9
5	35	1577	8	2	2	2	7	3	6	4	0	1	3	6	7	2	9
5	35	1580	4	6	3	5	6	4	7	3	1	1	6	7	9	4	13
5	35	1594	1	5	4	2	6	4	7	3	0	1	4	7	7	4	11
5	35	1598	5	1	2	4	7	3	6	4	1	0	7	4	4	7	11
5	36	1617	8	2	2	3	6	4	7	3	0	0	4	3	4	3	7
5	36	1619	3	7	4	4	7	3	6	4	1	1	7	6	6	7	13
5	36	1620	2	8	3	2	7	3	6	4	0	0	3	4	3	4	7
5	36	1620	7	3	4	4	6	4	7	3	1	1	6	7	7	6	13
5	36	1634	5	1	3	3	6	4	7	3	1	0	6	3	3	6	9
5	36	1634	6	4	4	3	6	4	7	3	1	1	6	7	6	7	13
5	36	1635	1	5	3	3	7	3	6	4	0	1	3	6	6	3	9
5	36	1635	4	6	3	4	7	3	6	4	1	1	7	6	7	6	13
5	37	1653	7	2	4	7	7	3	6	4	1	0	7	4	7	4	11
5	37	1658	2	7	7	4	6	4	7	3	0	1	4	7	4	7	11
5	37	1658	8	1	3	4	7	3	6	4	1	0	7	4	4	7	11
5	37	1660	1	8	4	3	6	4	7	3	0	1	4	7	7	4	11
5	37	1661	6	3	4	5	7	3	6	4	1	1	7	6	7	6	13
5	37	1662	5	4	3	3	7	3	6	4	0	0	3	4	3	4	7
5	37	1662	3	6	5	4	6	4	7	3	1	1	6	7	6	7	13
5	37	1664	4	5	3	3	6	4	7	3	0	0	4	3	4	3	7
5	38	1683	4	6	3	4	7	3	6	4	1	1	7	6	7	6	13
5	38	1683	8	2	3	4	6	4	7	3	1	0	6	3	4	5	9
5	38	1684	6	4	4	3	6	4	7	3	1	1	6	7	6	7	13
5	38	1684	2	8	4	3	7	3	6	4	0	1	3	6	5	4	9
5	38	1692	3	7	4	4	7	3	6	4	1	1	7	6	6	7	13
5	38	1693	7	3	4	4	6	4	7	3	1	1	6	7	7	6	13
5	38	1706	5	1	5	3	6	4	7	3	0	1	4	7	6	5	11
5	38	1718	1	5	3	5	7	3	6	4	1	0	7	4	5	6	11
5	39	1739	4	7	3	4	6	4	7	3	0	1	4	7	8	3	11
5	39	1740	7	4	4	3	7	3	6	4	1	0	7	4	3	8	11
5	39	1743	3	8	4	3	6	4	7	3	0	0	4	3	4	3	7
5	39	1743	8	3	3	4	7	3	6	4	0	0	3	4	3	4	7
5	39	1751	6	1	4	4	7	3	6	4	1	0	7	4	4	7	11
5	39	1754	2	5	3	3	6	4	7	3	0	1	4	7	8	3	11
5	39	1757	5	2	3	3	7	3	6	4	1	0	7	4	3	8	11
5	39	1760	1	6	4	4	6	4	7	3	0	1	4	7	7	4	11
5	40	1779	8	3	0	4	6	4	7	3	0	0	4	3	4	3	7
5	40	1779	3	8	4	0	7	3	6	4	0	0	3	4	3	4	7
5	40	1780	7	4	4	3	6	4	7	3	0	1	4	7	7	4	11
5	40	1783	4	7	3	4	7	3	6	4	1	0	7	4	4	7	11
5	40	1792	6	1	4	3	6	4	7	3	0	1	4	7	7	4	11
5	40	1794	1	6	3	4	7	3	6	4	1	0	7	4	4	7	11
5	40	1812	2	5	2	3	7	3	6	4	1	0	7	4	3	8	11
5	40	1818	5	2	3	2	6	4	7	3	0	1	4	7	8	3	11
6	1	19	3	8	0	0	6	4	7	3	1	1	6	7	7	6	13
6	1	20	8	3	0	0	7	3	6	4	1	1	7	6	6	7	13
6	1	30	6	1	0	0	7	3	6	4	0	0	3	4	3	4	7
6	1	31	4	7	0	0	6	4	7	3	0	1	4	7	11	0	11
6	1	31	1	6	0	0	6	4	7	3	0	0	4	3	4	3	7
6	1	34	7	4	0	0	7	3	6	4	1	0	7	4	0	11	11
6	1	50	5	2	0	0	7	3	6	4	0	1	3	6	9	0	9
6	1	61	2	5	0	0	6	4	7	3	1	0	6	3	0	9	9
6	2	72	7	2	0	0	6	4	7	3	0	1	4	7	11	0	11
6	2	73	2	7	0	0	7	3	6	4	1	0	7	4	0	11	11
6	2	73	3	6	0	0	7	3	6	4	1	1	7	6	6	7	13
6	2	78	8	1	0	0	6	4	7	3	0	1	4	7	11	0	11
6	2	79	6	3	0	0	6	4	7	3	1	1	6	7	7	6	13
6	2	81	1	8	0	0	7	3	6	4	1	0	7	4	0	11	11
6	2	81	4	5	0	0	7	3	6	4	0	0	3	4	3	4	7
6	2	82	5	4	0	0	6	4	7	3	0	0	4	3	4	3	7
6	3	90	7	3	0	0	7	3	6	4	0	1	3	6	9	0	9
6	3	90	3	7	0	0	6	4	7	3	1	0	6	3	0	9	9
6	3	96	6	4	0	0	7	3	6	4	0	0	3	4	3	4	7
6	3	99	4	6	0	0	6	4	7	3	0	0	4	3	4	3	7
6	3	101	8	2	0	0	7	3	6	4	1	0	7	4	0	11	11
6	3	106	2	8	0	0	6	4	7	3	0	1	4	7	11	0	11
6	3	136	5	1	0	0	7	3	6	4	0	0	3	4	3	4	7
6	3	137	1	5	0	0	6	4	7	3	0	0	4	3	4	3	7
6	4	146	3	8	0	0	7	3	6	4	1	0	7	4	0	11	11
6	4	147	8	3	0	0	6	4	7	3	0	1	4	7	11	0	11
6	4	155	6	1	0	0	6	4	7	3	1	1	6	7	7	6	13
6	4	155	5	2	0	0	6	4	7	3	0	0	4	3	4	3	7
6	4	155	7	4	0	0	6	4	7	3	0	0	4	3	4	3	7
6	4	155	4	7	0	0	7	3	6	4	0	0	3	4	3	4	7
6	4	156	2	5	0	0	7	3	6	4	0	0	3	4	3	4	7
6	4	157	1	6	0	0	7	3	6	4	1	1	7	6	6	7	13
6	5	163	3	7	0	0	6	4	7	3	0	0	4	3	4	3	7
6	5	165	7	3	0	0	7	3	6	4	0	0	3	4	3	4	7
6	5	172	8	2	0	0	7	3	6	4	1	0	7	4	0	11	11
6	5	173	2	8	0	0	6	4	7	3	0	1	4	7	11	0	11
6	5	173	6	4	0	0	7	3	6	4	1	0	7	4	0	11	11
6	5	175	4	6	0	0	6	4	7	3	0	1	4	7	11	0	11
6	5	175	5	1	0	0	7	3	6	4	0	0	3	4	3	4	7
6	5	175	1	5	0	0	6	4	7	3	0	0	4	3	4	3	7
6	6	184	3	8	0	0	7	3	6	4	1	0	7	4	0	11	11
6	6	185	6	1	0	0	6	4	7	3	0	1	4	7	11	0	11
6	6	186	4	7	0	0	7	3	6	4	0	0	3	4	3	4	7
6	6	187	7	4	0	0	6	4	7	3	0	0	4	3	4	3	7
6	6	188	1	6	0	0	7	3	6	4	1	0	7	4	0	11	11
6	6	189	2	5	0	0	7	3	6	4	0	0	3	4	3	4	7
6	6	190	8	3	0	0	6	4	7	3	0	1	4	7	11	0	11
6	6	191	5	2	0	0	6	4	7	3	0	0	4	3	4	3	7
6	7	199	4	6	0	0	6	4	7	3	0	1	4	7	11	0	11
6	7	200	6	4	0	0	7	3	6	4	1	0	7	4	0	11	11
6	7	201	2	8	0	0	6	4	7	3	0	0	4	3	4	3	7
6	7	202	8	2	0	0	7	3	6	4	0	0	3	4	3	4	7
6	7	202	3	7	0	0	6	4	7	3	0	0	4	3	4	3	7
6	7	202	7	3	0	0	7	3	6	4	0	0	3	4	3	4	7
6	7	210	1	5	0	0	6	4	7	3	0	0	4	3	4	3	7
6	7	211	5	1	0	0	7	3	6	4	0	0	3	4	3	4	7
6	8	219	3	8	0	0	7	3	6	4	0	0	3	4	3	4	7
6	8	220	4	7	0	0	7	3	6	4	0	1	3	6	9	0	9
6	8	221	6	1	0	0	6	4	7	3	0	1	4	7	11	0	11
6	8	221	5	2	0	0	6	4	7	3	0	0	4	3	4	3	7
6	8	222	8	3	0	0	6	4	7	3	0	0	4	3	4	3	7
6	8	222	2	5	0	0	7	3	6	4	0	0	3	4	3	4	7
6	8	222	7	4	0	0	6	4	7	3	1	0	6	3	0	9	9
6	8	222	1	6	0	0	7	3	6	4	1	0	7	4	0	11	11
6	9	228	7	4	0	0	7	3	6	4	0	0	3	4	3	4	7
6	9	229	4	7	0	0	6	4	7	3	0	0	4	3	4	3	7
6	9	229	2	5	0	0	6	4	7	3	0	0	4	3	4	3	7
6	9	230	5	2	0	0	7	3	6	4	0	0	3	4	3	4	7
6	9	231	3	8	0	0	6	4	7	3	0	1	4	7	11	0	11
6	9	233	6	1	0	0	7	3	6	4	0	0	3	4	3	4	7
6	9	234	8	3	0	0	7	3	6	4	1	0	7	4	0	11	11
6	9	237	1	6	0	0	6	4	7	3	0	0	4	3	4	3	7
6	10	242	3	7	0	0	7	3	6	4	0	0	3	4	3	4	7
6	10	244	7	3	0	0	6	4	7	3	0	0	4	3	4	3	7
6	10	246	4	6	0	0	7	3	6	4	0	1	3	6	9	0	9
6	10	246	2	8	0	0	7	3	6	4	0	0	3	4	3	4	7
6	10	247	6	4	0	0	6	4	7	3	1	0	6	3	0	9	9
6	10	248	1	5	0	0	7	3	6	4	0	0	3	4	3	4	7
6	10	248	5	1	0	0	6	4	7	3	0	0	4	3	4	3	7
6	10	249	8	2	0	0	6	4	7	3	0	0	4	3	4	3	7
6	11	255	3	7	0	0	6	4	7	3	1	0	6	3	0	9	9
6	11	257	6	4	0	0	7	3	6	4	0	0	3	4	3	4	7
6	11	258	7	3	0	0	7	3	6	4	0	1	3	6	9	0	9
6	11	260	4	6	0	0	6	4	7	3	0	0	4	3	4	3	7
6	11	262	1	5	0	0	6	4	7	3	1	0	6	3	0	9	9
6	11	264	5	1	0	0	7	3	6	4	0	1	3	6	9	0	9
6	11	264	2	8	0	0	6	4	7	3	0	0	4	3	4	3	7
6	11	267	8	2	0	0	7	3	6	4	0	0	3	4	3	4	7
6	12	272	3	7	0	0	7	3	6	4	0	0	3	4	3	4	7
6	12	273	6	4	0	0	6	4	7	3	0	0	4	3	4	3	7
6	12	274	7	3	0	0	6	4	7	3	0	0	4	3	4	3	7
6	12	274	4	6	0	0	7	3	6	4	0	0	3	4	3	4	7
6	12	275	1	5	0	0	7	3	6	4	1	0	7	4	0	11	11
6	12	276	2	8	0	0	7	3	6	4	0	1	3	6	9	0	9
6	12	276	5	1	0	0	6	4	7	3	0	1	4	7	11	0	11
6	12	278	8	2	0	0	6	4	7	3	1	0	6	3	0	9	9
6	13	285	7	3	0	0	7	3	6	4	0	0	3	4	3	4	7
6	13	285	2	8	0	0	6	4	7	3	0	0	4	3	4	3	7
6	13	286	3	7	0	0	6	4	7	3	0	0	4	3	4	3	7
6	13	286	1	5	0	0	6	4	7	3	0	0	4	3	4	3	7
6	13	286	8	2	0	0	7	3	6	4	0	0	3	4	3	4	7
6	13	289	4	6	0	0	6	4	7	3	0	1	4	7	11	0	11
6	13	289	6	4	0	0	7	3	6	4	1	0	7	4	0	11	11
6	13	289	5	1	0	0	7	3	6	4	0	0	3	4	3	4	7
6	14	296	3	7	0	0	7	3	6	4	1	0	7	4	0	11	11
6	14	296	6	4	0	0	6	4	7	3	0	0	4	3	4	3	7
6	14	296	4	6	0	0	7	3	6	4	0	0	3	4	3	4	7
6	14	296	2	8	0	0	7	3	6	4	0	0	3	4	3	4	7
6	14	297	7	3	0	0	6	4	7	3	0	1	4	7	11	0	11
6	14	298	8	2	0	0	6	4	7	3	0	0	4	3	4	3	7
6	14	301	1	5	0	0	7	3	6	4	1	0	7	4	0	11	11
6	14	303	5	1	0	0	6	4	7	3	0	1	4	7	11	0	11
6	15	309	6	2	0	0	7	3	6	4	0	0	3	4	3	4	7
6	15	310	7	1	0	0	7	3	6	4	0	0	3	4	3	4	7
6	15	310	1	7	0	0	6	4	7	3	0	0	4	3	4	3	7
6	15	311	2	6	0	0	6	4	7	3	0	0	4	3	4	3	7
6	15	312	4	8	0	0	6	4	7	3	0	1	4	7	11	0	11
6	15	315	8	4	0	0	7	3	6	4	1	0	7	4	0	11	11
6	15	319	3	5	0	0	6	4	7	3	0	0	4	3	4	3	7
6	15	320	5	3	0	0	7	3	6	4	0	0	3	4	3	4	7
6	16	84	4	7	1	3	7	3	6	4	0	0	3	4	3	4	7
6	16	84	7	4	3	1	6	4	7	3	0	0	4	3	4	3	7
6	16	89	8	3	3	4	6	4	7	3	1	1	6	7	8	5	13
6	16	90	3	8	4	3	7	3	6	4	1	1	7	6	5	8	13
6	16	90	1	6	0	2	7	3	6	4	0	0	3	4	3	4	7
6	16	92	6	1	2	0	6	4	7	3	0	0	4	3	4	3	7
6	16	97	5	2	4	4	6	4	7	3	0	1	4	7	7	4	11
6	16	115	2	5	4	4	7	3	6	4	1	0	7	4	4	7	11
6	17	137	3	8	2	3	6	4	7	3	0	0	4	3	4	3	7
6	17	137	8	3	3	2	7	3	6	4	0	0	3	4	3	4	7
6	17	141	4	7	2	3	6	4	7	3	0	0	4	3	4	3	7
6	17	143	7	4	3	2	7	3	6	4	0	0	3	4	3	4	7
6	17	143	2	5	4	5	6	4	7	3	1	0	6	3	5	4	9
6	17	145	5	2	5	4	7	3	6	4	0	1	3	6	4	5	9
6	17	151	6	1	1	4	7	3	6	4	1	0	7	4	4	7	11
6	17	153	1	6	4	1	6	4	7	3	0	1	4	7	7	4	11
6	18	177	8	2	3	4	6	4	7	3	1	1	6	7	8	5	13
6	18	179	6	4	2	1	6	4	7	3	0	0	4	3	4	3	7
6	18	180	4	6	1	2	7	3	6	4	0	0	3	4	3	4	7
6	18	182	2	8	4	3	7	3	6	4	1	1	7	6	5	8	13
6	18	190	3	7	4	2	7	3	6	4	1	1	7	6	4	9	13
6	18	192	7	3	2	4	6	4	7	3	1	1	6	7	9	4	13
6	18	195	5	1	4	3	6	4	7	3	0	1	4	7	7	4	11
6	18	200	1	5	3	4	7	3	6	4	1	0	7	4	4	7	11
6	19	218	8	2	3	4	7	3	6	4	1	1	7	6	7	6	13
6	19	221	2	8	4	3	6	4	7	3	1	1	6	7	6	7	13
6	19	223	3	7	4	2	6	4	7	3	0	1	4	7	7	4	11
6	19	226	5	1	5	3	7	3	6	4	0	1	3	6	4	5	9
6	19	228	1	5	3	5	6	4	7	3	1	0	6	3	5	4	9
6	19	229	7	3	2	4	7	3	6	4	1	0	7	4	4	7	11
6	19	234	6	4	3	7	7	3	6	4	1	0	7	4	7	4	11
6	19	259	4	6	7	3	6	4	7	3	0	1	4	7	4	7	11
6	20	283	8	2	4	3	6	4	7	3	0	1	4	7	7	4	11
6	20	285	6	4	4	2	6	4	7	3	1	1	6	7	5	8	13
6	20	289	4	6	2	4	7	3	6	4	1	1	7	6	8	5	13
6	20	292	2	8	3	4	7	3	6	4	1	0	7	4	4	7	11
6	20	293	1	5	4	4	7	3	6	4	1	0	7	4	4	7	11
6	20	293	5	1	4	4	6	4	7	3	0	1	4	7	7	4	11
6	20	296	7	3	4	0	6	4	7	3	0	0	4	3	4	3	7
6	20	297	3	7	0	4	7	3	6	4	0	0	3	4	3	4	7
6	21	314	8	2	2	3	7	3	6	4	0	1	3	6	7	2	9
6	21	319	2	8	3	2	6	4	7	3	1	0	6	3	2	7	9
6	21	322	3	7	4	4	6	4	7	3	1	0	6	3	4	5	9
6	21	325	7	3	4	4	7	3	6	4	0	1	3	6	5	4	9
6	21	329	6	4	3	2	7	3	6	4	0	1	3	6	6	3	9
6	21	330	5	1	5	4	7	3	6	4	0	1	3	6	4	5	9
6	21	331	4	6	2	3	6	4	7	3	1	0	6	3	3	6	9
6	21	332	1	5	4	5	6	4	7	3	1	0	6	3	5	4	9
6	22	355	7	4	4	2	6	4	7	3	0	1	4	7	7	4	11
6	22	355	3	8	0	3	7	3	6	4	0	0	3	4	3	4	7
6	22	356	8	3	3	0	6	4	7	3	0	0	4	3	4	3	7
6	22	358	5	2	4	4	6	4	7	3	0	1	4	7	7	4	11
6	22	358	4	7	2	4	7	3	6	4	1	0	7	4	4	7	11
6	22	360	6	1	2	3	6	4	7	3	1	0	6	3	3	6	9
6	22	363	1	6	3	2	7	3	6	4	0	1	3	6	6	3	9
6	22	365	2	5	4	4	7	3	6	4	1	0	7	4	4	7	11
6	23	382	6	2	3	4	7	3	6	4	1	1	7	6	7	6	13
6	23	384	3	5	4	5	6	4	7	3	0	0	4	3	4	3	7
6	23	388	7	1	4	3	7	3	6	4	0	1	3	6	5	4	9
6	23	391	5	3	5	4	7	3	6	4	0	0	3	4	3	4	7
6	23	392	8	4	3	2	7	3	6	4	0	0	3	4	3	4	7
6	23	393	4	8	2	3	6	4	7	3	0	0	4	3	4	3	7
6	23	395	2	6	4	3	6	4	7	3	1	1	6	7	6	7	13
6	23	395	1	7	3	4	6	4	7	3	1	0	6	3	4	5	9
6	24	414	6	2	2	4	6	4	7	3	1	1	6	7	9	4	13
6	24	420	8	4	3	2	6	4	7	3	0	1	4	7	8	3	11
6	24	421	7	1	4	3	6	4	7	3	0	1	4	7	7	4	11
6	24	423	2	6	4	2	7	3	6	4	1	1	7	6	4	9	13
6	24	423	4	8	2	3	7	3	6	4	1	0	7	4	3	8	11
6	24	425	1	7	3	4	7	3	6	4	1	0	7	4	4	7	11
6	24	442	3	5	6	4	7	3	6	4	1	0	7	4	4	7	11
6	24	444	5	3	4	6	6	4	7	3	0	1	4	7	7	4	11
6	25	464	6	2	3	4	7	3	6	4	1	1	7	6	7	6	13
6	25	465	8	4	3	2	7	3	6	4	0	1	3	6	6	3	9
6	25	466	4	8	2	3	6	4	7	3	1	0	6	3	3	6	9
6	25	473	7	1	3	4	7	3	6	4	0	0	3	4	3	4	7
6	25	473	1	7	4	3	6	4	7	3	0	0	4	3	4	3	7
6	25	475	2	6	4	3	6	4	7	3	1	1	6	7	6	7	13
6	25	489	5	3	5	6	7	3	6	4	0	1	3	6	4	5	9
6	25	490	3	5	6	5	6	4	7	3	1	0	6	3	5	4	9
6	26	510	5	2	4	3	6	4	7	3	0	1	4	7	7	4	11
6	26	514	3	8	0	3	7	3	6	4	0	0	3	4	3	4	7
6	26	514	7	4	4	2	6	4	7	3	0	1	4	7	7	4	11
6	26	515	4	7	2	4	7	3	6	4	1	0	7	4	4	7	11
6	26	515	8	3	3	0	6	4	7	3	0	0	4	3	4	3	7
6	26	525	6	1	4	3	6	4	7	3	0	1	4	7	7	4	11
6	26	530	2	5	3	4	7	3	6	4	1	0	7	4	4	7	11
6	26	530	1	6	3	4	7	3	6	4	1	0	7	4	4	7	11
6	27	550	6	2	2	3	7	3	6	4	1	1	7	6	7	6	13
6	27	551	8	4	3	2	7	3	6	4	0	0	3	4	3	4	7
6	27	552	4	8	2	3	6	4	7	3	0	0	4	3	4	3	7
6	27	554	2	6	3	2	6	4	7	3	1	1	6	7	6	7	13
6	27	557	3	5	6	5	6	4	7	3	0	0	4	3	4	3	7
6	27	560	1	7	4	4	6	4	7	3	1	1	6	7	7	6	13
6	27	563	7	1	4	4	7	3	6	4	1	1	7	6	6	7	13
6	27	566	5	3	5	6	7	3	6	4	0	0	3	4	3	4	7
6	28	584	8	2	4	3	6	4	7	3	1	1	6	7	6	7	13
6	28	584	6	4	4	2	6	4	7	3	1	1	6	7	5	8	13
6	28	587	3	7	5	4	7	3	6	4	1	1	7	6	5	8	13
6	28	588	4	6	2	4	7	3	6	4	1	1	7	6	8	5	13
6	28	590	7	3	4	5	6	4	7	3	1	1	6	7	8	5	13
6	28	591	2	8	3	4	7	3	6	4	1	1	7	6	7	6	13
6	28	599	5	1	4	3	6	4	7	3	0	1	4	7	7	4	11
6	28	600	1	5	3	4	7	3	6	4	1	0	7	4	4	7	11
6	29	619	7	2	4	3	7	3	6	4	0	1	3	6	5	4	9
6	29	622	3	6	0	2	6	4	7	3	1	0	6	3	2	7	9
6	29	622	2	7	3	4	6	4	7	3	1	0	6	3	4	5	9
6	29	625	6	3	2	0	7	3	6	4	0	1	3	6	7	2	9
6	29	630	1	8	4	3	6	4	7	3	0	1	4	7	7	4	11
6	29	631	8	1	3	4	7	3	6	4	1	0	7	4	4	7	11
6	29	635	4	5	3	5	6	4	7	3	1	0	6	3	5	4	9
6	29	640	5	4	5	3	7	3	6	4	0	1	3	6	4	5	9
6	30	665	8	2	3	3	6	4	7	3	1	1	6	7	7	6	13
6	30	665	2	8	3	3	7	3	6	4	1	1	7	6	6	7	13
6	30	667	3	7	5	4	7	3	6	4	1	1	7	6	5	8	13
6	30	670	5	1	4	3	6	4	7	3	0	1	4	7	7	4	11
6	30	671	1	5	3	4	7	3	6	4	1	0	7	4	4	7	11
6	30	671	6	4	0	3	6	4	7	3	1	0	6	3	3	6	9
6	30	672	7	3	4	5	6	4	7	3	1	1	6	7	8	5	13
6	30	680	4	6	3	0	7	3	6	4	0	1	3	6	6	3	9
6	31	697	6	2	2	3	7	3	6	4	1	1	7	6	7	6	13
6	31	699	8	4	3	2	7	3	6	4	0	0	3	4	3	4	7
6	31	700	4	8	2	3	6	4	7	3	0	0	4	3	4	3	7
6	31	703	2	6	3	2	6	4	7	3	1	1	6	7	6	7	13
6	31	708	1	7	4	4	6	4	7	3	1	0	6	3	4	5	9
6	31	708	7	1	4	4	7	3	6	4	0	1	3	6	5	4	9
6	31	739	3	5	6	5	6	4	7	3	1	1	6	7	6	7	13
6	31	745	5	3	5	6	7	3	6	4	1	1	7	6	7	6	13
6	32	762	6	2	2	3	6	4	7	3	1	1	6	7	8	5	13
6	32	765	8	4	3	2	6	4	7	3	0	1	4	7	8	3	11
6	32	765	2	6	3	2	7	3	6	4	1	1	7	6	5	8	13
6	32	765	3	5	5	4	7	3	6	4	0	0	3	4	3	4	7
6	32	766	5	3	4	5	6	4	7	3	0	0	4	3	4	3	7
6	32	768	4	8	2	3	7	3	6	4	1	0	7	4	3	8	11
6	32	773	7	1	4	4	6	4	7	3	1	0	6	3	4	5	9
6	32	773	1	7	4	4	7	3	6	4	0	1	3	6	5	4	9
6	33	790	6	4	3	2	7	3	6	4	0	0	3	4	3	4	7
6	33	791	8	2	3	3	7	3	6	4	0	1	3	6	6	3	9
6	33	791	4	6	2	3	6	4	7	3	0	0	4	3	4	3	7
6	33	795	2	8	3	3	6	4	7	3	1	0	6	3	3	6	9
6	33	795	3	7	7	4	6	4	7	3	0	1	4	7	4	7	11
6	33	800	7	3	4	7	7	3	6	4	1	0	7	4	7	4	11
6	33	808	5	1	5	4	7	3	6	4	0	1	3	6	4	5	9
6	33	811	1	5	4	5	6	4	7	3	1	0	6	3	5	4	9
6	34	825	8	2	3	3	6	4	7	3	1	1	6	7	7	6	13
6	34	831	7	3	4	5	6	4	7	3	1	1	6	7	8	5	13
6	34	832	2	8	3	3	7	3	6	4	1	1	7	6	6	7	13
6	34	832	6	4	4	2	6	4	7	3	1	1	6	7	5	8	13
6	34	833	4	6	2	4	7	3	6	4	1	1	7	6	8	5	13
6	34	833	3	7	5	4	7	3	6	4	1	1	7	6	5	8	13
6	34	838	5	1	4	3	6	4	7	3	0	1	4	7	7	4	11
6	34	845	1	5	3	4	7	3	6	4	1	0	7	4	4	7	11
6	35	858	4	7	2	4	6	4	7	3	1	0	6	3	4	5	9
6	35	859	7	4	4	2	7	3	6	4	0	1	3	6	5	4	9
6	35	868	3	8	3	3	6	4	7	3	1	0	6	3	3	6	9
6	35	869	5	2	5	3	7	3	6	4	0	1	3	6	4	5	9
6	35	869	8	3	3	3	7	3	6	4	0	1	3	6	6	3	9
6	35	874	6	1	3	5	7	3	6	4	1	0	7	4	5	6	11
6	35	874	2	5	3	5	6	4	7	3	1	0	6	3	5	4	9
6	35	880	1	6	5	3	6	4	7	3	0	1	4	7	6	5	11
6	36	900	4	6	2	5	7	3	6	4	1	0	7	4	5	6	11
6	36	901	6	4	5	2	6	4	7	3	0	1	4	7	6	5	11
6	36	902	5	1	4	3	6	4	7	3	0	1	4	7	7	4	11
6	36	904	3	7	6	4	7	3	6	4	0	1	3	6	3	6	9
6	36	905	2	8	3	3	7	3	6	4	1	1	7	6	6	7	13
6	36	905	1	5	3	4	7	3	6	4	1	0	7	4	4	7	11
6	36	909	7	3	4	6	6	4	7	3	1	0	6	3	6	3	9
6	36	911	8	2	3	3	6	4	7	3	1	1	6	7	7	6	13
6	37	930	4	7	3	4	6	4	7	3	1	0	6	3	4	5	9
6	37	931	7	4	4	3	7	3	6	4	0	1	3	6	5	4	9
6	37	931	6	1	2	4	7	3	6	4	1	0	7	4	4	7	11
6	37	933	3	8	5	4	6	4	7	3	0	1	4	7	6	5	11
6	37	935	1	6	4	2	6	4	7	3	0	1	4	7	7	4	11
6	37	936	8	3	4	5	7	3	6	4	1	0	7	4	5	6	11
6	37	939	5	2	5	3	7	3	6	4	0	1	3	6	4	5	9
6	37	939	2	5	3	5	6	4	7	3	1	0	6	3	5	4	9
6	38	959	7	2	4	3	6	4	7	3	0	1	4	7	7	4	11
6	38	959	6	3	4	0	6	4	7	3	0	1	4	7	7	4	11
6	38	959	3	6	0	4	7	3	6	4	1	0	7	4	4	7	11
6	38	963	2	7	3	4	7	3	6	4	1	0	7	4	4	7	11
6	38	968	4	5	2	4	7	3	6	4	1	0	7	4	4	7	11
6	38	971	5	4	4	2	6	4	7	3	0	1	4	7	7	4	11
6	38	973	8	1	3	4	6	4	7	3	1	0	6	3	4	5	9
6	38	973	1	8	4	3	7	3	6	4	0	1	3	6	5	4	9
6	39	995	8	2	3	3	7	3	6	4	0	1	3	6	6	3	9
6	39	997	3	7	4	4	6	4	7	3	0	0	4	3	4	3	7
6	39	999	7	3	4	4	7	3	6	4	0	0	3	4	3	4	7
6	39	1000	2	8	3	3	6	4	7	3	1	0	6	3	3	6	9
6	39	1013	5	1	5	4	7	3	6	4	0	1	3	6	4	5	9
6	39	1014	1	5	4	5	6	4	7	3	1	0	6	3	5	4	9
6	39	1049	6	4	3	2	7	3	6	4	0	0	3	4	3	4	7
6	39	1050	4	6	2	3	6	4	7	3	0	0	4	3	4	3	7
6	40	1067	7	4	4	2	6	4	7	3	0	1	4	7	7	4	11
6	40	1069	4	7	2	4	7	3	6	4	1	0	7	4	4	7	11
6	40	1071	3	8	5	3	7	3	6	4	1	1	7	6	4	9	13
6	40	1071	5	2	4	3	6	4	7	3	0	1	4	7	7	4	11
6	40	1072	8	3	3	5	6	4	7	3	1	1	6	7	9	4	13
6	40	1080	6	1	1	4	6	4	7	3	1	0	6	3	4	5	9
6	40	1081	2	5	3	4	7	3	6	4	1	0	7	4	4	7	11
6	40	1083	1	6	4	1	7	3	6	4	0	1	3	6	5	4	9